========================BP===================
[[109   0   0   0   0   0]
 [  0  58   0   0   1   0]
 [  1   0 182   0   0  10]
 [  0   0   0   0   3   0]
 [  0   4   0   0  93   2]
 [  0   1  17   0   7 352]]
              precision    recall  f1-score   support

         0.0       0.99      1.00      1.00       109
         1.0       0.92      0.98      0.95        59
         2.0       0.91      0.94      0.93       193
         3.0       0.00      0.00      0.00         3
         4.0       0.89      0.94      0.92        99
         5.0       0.97      0.93      0.95       377

    accuracy                           0.95       840
   macro avg       0.78      0.80      0.79       840
weighted avg       0.94      0.95      0.94       840

========================DT===================
[[106   2   1   0   0   0]
 [  0  58   0   0   1   0]
 [  0   0 190   0   0   3]
 [  0   0   0   0   3   0]
 [  0   3   0   1  93   2]
 [  0   1  16   0   7 353]]
              precision    recall  f1-score   support

         0.0       1.00      0.97      0.99       109
         1.0       0.91      0.98      0.94        59
         2.0       0.92      0.98      0.95       193
         3.0       0.00      0.00      0.00         3
         4.0       0.89      0.94      0.92        99
         5.0       0.99      0.94      0.96       377

    accuracy                           0.95       840
   macro avg       0.78      0.80      0.79       840
weighted avg       0.95      0.95      0.95       840

========================SVM===================
[[109   0   0   0   0   0]
 [  0  57   1   1   0   0]
 [  4   0 181   0   0   8]
 [  0   0   0   1   2   0]
 [  0   3   0   1  91   4]
 [  0   1  16   0   7 353]]
              precision    recall  f1-score   support

         0.0       0.96      1.00      0.98       109
         1.0       0.93      0.97      0.95        59
         2.0       0.91      0.94      0.93       193
         3.0       0.33      0.33      0.33         3
         4.0       0.91      0.92      0.91        99
         5.0       0.97      0.94      0.95       377

    accuracy                           0.94       840
   macro avg       0.84      0.85      0.84       840
weighted avg       0.94      0.94      0.94       840

========================STACK===================
[[106   2   1   0   0   0]
 [  0  58   0   0   1   0]
 [  0   0 190   0   0   3]
 [  0   0   0   0   3   0]
 [  0   3   0   0  94   2]
 [  0   1  16   0   7 353]]
              precision    recall  f1-score   support

         0.0       1.00      0.97      0.99       109
         1.0       0.91      0.98      0.94        59
         2.0       0.92      0.98      0.95       193
         3.0       0.00      0.00      0.00         3
         4.0       0.90      0.95      0.92        99
         5.0       0.99      0.94      0.96       377

    accuracy                           0.95       840
   macro avg       0.78      0.80      0.79       840
weighted avg       0.95      0.95      0.95       840

========================RF===================
[[106   2   1   0   0   0]
 [  0  57   0   0   2   0]
 [  0   0 179   0   0  14]
 [  0   0   0   0   3   0]
 [  0   0   0   0  97   2]
 [  0   4  20   1   3 349]]
              precision    recall  f1-score   support

         0.0       1.00      0.97      0.99       109
         1.0       0.90      0.97      0.93        59
         2.0       0.90      0.93      0.91       193
         3.0       0.00      0.00      0.00         3
         4.0       0.92      0.98      0.95        99
         5.0       0.96      0.93      0.94       377

    accuracy                           0.94       840
   macro avg       0.78      0.80      0.79       840
weighted avg       0.94      0.94      0.94       840

========================ADA===================
[[106   2   1   0   0   0]
 [  0   0   0   0  59   0]
 [  0   0  27   0   0 166]
 [  0   0   0   0   3   0]
 [  0   0   0   0  97   2]
 [  0   0   1   0   8 368]]
              precision    recall  f1-score   support

         0.0       1.00      0.97      0.99       109
         1.0       0.00      0.00      0.00        59
         2.0       0.93      0.14      0.24       193
         3.0       0.00      0.00      0.00         3
         4.0       0.58      0.98      0.73        99
         5.0       0.69      0.98      0.81       377

    accuracy                           0.71       840
   macro avg       0.53      0.51      0.46       840
weighted avg       0.72      0.71      0.63       840

========================XGB===================
[[107   1   1   0   0   0]
 [  0  58   0   1   0   0]
 [  0   0 190   0   0   3]
 [  0   0   0   1   2   0]
 [  0   2   0   2  93   2]
 [  0   1  16   0   7 353]]
              precision    recall  f1-score   support

         0.0       1.00      0.98      0.99       109
         1.0       0.94      0.98      0.96        59
         2.0       0.92      0.98      0.95       193
         3.0       0.25      0.33      0.29         3
         4.0       0.91      0.94      0.93        99
         5.0       0.99      0.94      0.96       377

    accuracy                           0.95       840
   macro avg       0.83      0.86      0.85       840
weighted avg       0.96      0.95      0.96       840

========================GBC===================
[[106   2   1   0   0   0]
 [  0  58   0   1   0   0]
 [  0   0 187   0   0   6]
 [  0   0   0   1   2   0]
 [  0   2   0   2  93   2]
 [  0   1  15   1   6 354]]
              precision    recall  f1-score   support

         0.0       1.00      0.97      0.99       109
         1.0       0.92      0.98      0.95        59
         2.0       0.92      0.97      0.94       193
         3.0       0.20      0.33      0.25         3
         4.0       0.92      0.94      0.93        99
         5.0       0.98      0.94      0.96       377

    accuracy                           0.95       840
   macro avg       0.82      0.86      0.84       840
weighted avg       0.95      0.95      0.95       840

