========================BP===================
[[ 69   1   0   0   0   0]
 [ 11 193   2   0  13   0]
 [  0   1 106   0   0  11]
 [  0   0   0  59  10   0]
 [  0   2   0   7 377   7]
 [  0   0   4   3   2 595]]
              precision    recall  f1-score   support

         0.0       0.86      0.99      0.92        70
         1.0       0.98      0.88      0.93       219
         2.0       0.95      0.90      0.92       118
         3.0       0.86      0.86      0.86        69
         4.0       0.94      0.96      0.95       393
         5.0       0.97      0.99      0.98       604

    accuracy                           0.95      1473
   macro avg       0.93      0.93      0.93      1473
weighted avg       0.95      0.95      0.95      1473

========================DT===================
[[ 67   3   0   0   0   0]
 [  6 212   0   0   1   0]
 [  0   0 110   0   0   8]
 [  0   0   0  58  11   0]
 [  0  20   0  23 350   0]
 [  0   1  11   0   2 590]]
              precision    recall  f1-score   support

         0.0       0.92      0.96      0.94        70
         1.0       0.90      0.97      0.93       219
         2.0       0.91      0.93      0.92       118
         3.0       0.72      0.84      0.77        69
         4.0       0.96      0.89      0.92       393
         5.0       0.99      0.98      0.98       604

    accuracy                           0.94      1473
   macro avg       0.90      0.93      0.91      1473
weighted avg       0.94      0.94      0.94      1473

========================SVM===================
[[ 70   0   0   0   0   0]
 [  4 201   1   0  13   0]
 [  1   2 104   0   0  11]
 [  0   0   0  67   1   1]
 [  0   3   0   3 379   8]
 [  0   0   4   4   7 589]]
              precision    recall  f1-score   support

         0.0       0.93      1.00      0.97        70
         1.0       0.98      0.92      0.95       219
         2.0       0.95      0.88      0.92       118
         3.0       0.91      0.97      0.94        69
         4.0       0.95      0.96      0.96       393
         5.0       0.97      0.98      0.97       604

    accuracy                           0.96      1473
   macro avg       0.95      0.95      0.95      1473
weighted avg       0.96      0.96      0.96      1473

========================STACK===================
[[ 67   3   0   0   0   0]
 [  3 216   0   0   0   0]
 [  0   0 110   0   0   8]
 [  0   0   1  67   1   0]
 [  0  22   0   4 367   0]
 [  0   1  11   0   2 590]]
              precision    recall  f1-score   support

         0.0       0.96      0.96      0.96        70
         1.0       0.89      0.99      0.94       219
         2.0       0.90      0.93      0.92       118
         3.0       0.94      0.97      0.96        69
         4.0       0.99      0.93      0.96       393
         5.0       0.99      0.98      0.98       604

    accuracy                           0.96      1473
   macro avg       0.95      0.96      0.95      1473
weighted avg       0.96      0.96      0.96      1473

========================RF===================
[[ 66   4   0   0   0   0]
 [  2 213   0   0   4   0]
 [  0   0 110   0   0   8]
 [  0   0   0  59  10   0]
 [  0   9   0  11 373   0]
 [  0   0   9   0   3 592]]
              precision    recall  f1-score   support

         0.0       0.97      0.94      0.96        70
         1.0       0.94      0.97      0.96       219
         2.0       0.92      0.93      0.93       118
         3.0       0.84      0.86      0.85        69
         4.0       0.96      0.95      0.95       393
         5.0       0.99      0.98      0.98       604

    accuracy                           0.96      1473
   macro avg       0.94      0.94      0.94      1473
weighted avg       0.96      0.96      0.96      1473

========================ADA===================
[[ 65   4   0   0   1   0]
 [  5  11   0   0 203   0]
 [  0   0   5   0   0 113]
 [  0   0   0   0  69   0]
 [  0   0   0   0 393   0]
 [  0   0   0   0   3 601]]
              precision    recall  f1-score   support

         0.0       0.93      0.93      0.93        70
         1.0       0.73      0.05      0.09       219
         2.0       1.00      0.04      0.08       118
         3.0       0.00      0.00      0.00        69
         4.0       0.59      1.00      0.74       393
         5.0       0.84      1.00      0.91       604

    accuracy                           0.73      1473
   macro avg       0.68      0.50      0.46      1473
weighted avg       0.74      0.73      0.64      1473

========================XGB===================
[[ 66   4   0   0   0   0]
 [  3 208   0   0   8   0]
 [  0   0 113   0   0   5]
 [  0   0   0  56  13   0]
 [  0  13   0   6 374   0]
 [  0   1  10   0   2 591]]
              precision    recall  f1-score   support

         0.0       0.96      0.94      0.95        70
         1.0       0.92      0.95      0.93       219
         2.0       0.92      0.96      0.94       118
         3.0       0.90      0.81      0.85        69
         4.0       0.94      0.95      0.95       393
         5.0       0.99      0.98      0.98       604

    accuracy                           0.96      1473
   macro avg       0.94      0.93      0.93      1473
weighted avg       0.96      0.96      0.96      1473

========================GBC===================
[[ 66   4   0   0   0   0]
 [  3 206   0   0  10   0]
 [  0   0 111   0   0   7]
 [  0   0   0  51  18   0]
 [  0  12   0   5 376   0]
 [  0   0  10   0   3 591]]
              precision    recall  f1-score   support

         0.0       0.96      0.94      0.95        70
         1.0       0.93      0.94      0.93       219
         2.0       0.92      0.94      0.93       118
         3.0       0.91      0.74      0.82        69
         4.0       0.92      0.96      0.94       393
         5.0       0.99      0.98      0.98       604

    accuracy                           0.95      1473
   macro avg       0.94      0.92      0.93      1473
weighted avg       0.95      0.95      0.95      1473

