max_depth	min_samples_leaf	Accuracy
5	5	0.9573690621193667
5	7	0.9543239951278928
5	9	0.9494518879415347
5	11	0.9433617539585871
5	13	0.9427527405602923
5	15	0.9421437271619976
5	17	0.9415347137637028
5	19	0.9323995127892813
5	21	0.9311814859926918
5	23	0.9299634591961023
5	25	0.928136419001218
5	27	0.928136419001218
5	29	0.9269183922046285
5	31	0.9238733252131547
5	33	0.9238733252131547
5	35	0.9226552984165651
5	37	0.9208282582216809
5	39	0.9196102314250914
5	41	0.9190012180267966
5	43	0.917783191230207
5	45	0.917783191230207
5	47	0.9165651644336176
5	49	0.9147381242387332
5	51	0.9104750304506699
5	53	0.9043848964677222
5	55	0.9019488428745432
5	57	0.8989037758830695
5	59	0.8976857490864799
5	61	0.8946406820950061
5	63	0.8842874543239951
5	65	0.8842874543239951
5	67	0.8836784409257004
5	69	0.8836784409257004
5	71	0.8836784409257004
5	73	0.8836784409257004
5	75	0.8836784409257004
5	77	0.8806333739342266
5	79	0.8806333739342266
5	81	0.8806333739342266
5	83	0.8781973203410475
5	85	0.8781973203410475
5	87	0.8781973203410475
5	89	0.8781973203410475
5	91	0.8775883069427527
5	93	0.8763702801461632
5	95	0.8751522533495737
5	97	0.8739342265529841
5	99	0.8647990255785627
5	101	0.8647990255785627
7	5	0.9750304506699148
7	7	0.9713763702801461
7	9	0.9658952496954933
7	11	0.9573690621193667
7	13	0.9567600487210719
7	15	0.9549330085261876
7	17	0.951278928136419
7	19	0.9421437271619976
7	21	0.9403166869671132
7	23	0.9378806333739342
7	25	0.9348355663824605
7	27	0.9342265529841657
7	29	0.9330085261875761
7	31	0.9287454323995128
7	33	0.9287454323995128
7	35	0.9275274056029232
7	37	0.9244823386114495
7	39	0.9214372716199757
7	41	0.9208282582216809
7	43	0.9196102314250914
7	45	0.9196102314250914
7	47	0.9171741778319124
7	49	0.915347137637028
7	51	0.9104750304506699
7	53	0.9043848964677222
7	55	0.9019488428745432
7	57	0.8989037758830695
7	59	0.8976857490864799
7	61	0.8946406820950061
7	63	0.8842874543239951
7	65	0.8842874543239951
7	67	0.8836784409257004
7	69	0.8836784409257004
7	71	0.8836784409257004
7	73	0.8836784409257004
7	75	0.8836784409257004
7	77	0.8806333739342266
7	79	0.8806333739342266
7	81	0.8806333739342266
7	83	0.8781973203410475
7	85	0.8781973203410475
7	87	0.8781973203410475
7	89	0.8781973203410475
7	91	0.8775883069427527
7	93	0.8763702801461632
7	95	0.8751522533495737
7	97	0.8739342265529841
7	99	0.8647990255785627
7	101	0.8647990255785627
9	5	0.9829476248477467
9	7	0.9738124238733252
9	9	0.9677222898903776
9	11	0.9579780755176613
9	13	0.9567600487210719
9	15	0.9549330085261876
9	17	0.9524969549330086
9	19	0.9433617539585871
9	21	0.940925700365408
9	23	0.9378806333739342
9	25	0.9348355663824605
9	27	0.9342265529841657
9	29	0.9330085261875761
9	31	0.9287454323995128
9	33	0.9287454323995128
9	35	0.9275274056029232
9	37	0.9244823386114495
9	39	0.9214372716199757
9	41	0.9208282582216809
9	43	0.9196102314250914
9	45	0.9196102314250914
9	47	0.9171741778319124
9	49	0.915347137637028
9	51	0.9104750304506699
9	53	0.9043848964677222
9	55	0.9019488428745432
9	57	0.8989037758830695
9	59	0.8976857490864799
9	61	0.8946406820950061
9	63	0.8842874543239951
9	65	0.8842874543239951
9	67	0.8836784409257004
9	69	0.8836784409257004
9	71	0.8836784409257004
9	73	0.8836784409257004
9	75	0.8836784409257004
9	77	0.8806333739342266
9	79	0.8806333739342266
9	81	0.8806333739342266
9	83	0.8781973203410475
9	85	0.8781973203410475
9	87	0.8781973203410475
9	89	0.8781973203410475
9	91	0.8775883069427527
9	93	0.8763702801461632
9	95	0.8751522533495737
9	97	0.8739342265529841
9	99	0.8647990255785627
9	101	0.8647990255785627
11	5	0.9866017052375152
11	7	0.976857490864799
11	9	0.9695493300852619
11	11	0.9585870889159561
11	13	0.9567600487210719
11	15	0.9549330085261876
11	17	0.9524969549330086
11	19	0.9433617539585871
11	21	0.940925700365408
11	23	0.9378806333739342
11	25	0.9348355663824605
11	27	0.9342265529841657
11	29	0.9330085261875761
11	31	0.9287454323995128
11	33	0.9287454323995128
11	35	0.9275274056029232
11	37	0.9244823386114495
11	39	0.9214372716199757
11	41	0.9208282582216809
11	43	0.9196102314250914
11	45	0.9196102314250914
11	47	0.9171741778319124
11	49	0.915347137637028
11	51	0.9104750304506699
11	53	0.9043848964677222
11	55	0.9019488428745432
11	57	0.8989037758830695
11	59	0.8976857490864799
11	61	0.8946406820950061
11	63	0.8842874543239951
11	65	0.8842874543239951
11	67	0.8836784409257004
11	69	0.8836784409257004
11	71	0.8836784409257004
11	73	0.8836784409257004
11	75	0.8836784409257004
11	77	0.8806333739342266
11	79	0.8806333739342266
11	81	0.8806333739342266
11	83	0.8781973203410475
11	85	0.8781973203410475
11	87	0.8781973203410475
11	89	0.8781973203410475
11	91	0.8775883069427527
11	93	0.8763702801461632
11	95	0.8751522533495737
11	97	0.8739342265529841
11	99	0.8647990255785627
11	101	0.8647990255785627
13	5	0.9866017052375152
13	7	0.976857490864799
13	9	0.9695493300852619
13	11	0.9585870889159561
13	13	0.9567600487210719
13	15	0.9549330085261876
13	17	0.9524969549330086
13	19	0.9433617539585871
13	21	0.940925700365408
13	23	0.9378806333739342
13	25	0.9348355663824605
13	27	0.9342265529841657
13	29	0.9330085261875761
13	31	0.9287454323995128
13	33	0.9287454323995128
13	35	0.9275274056029232
13	37	0.9244823386114495
13	39	0.9214372716199757
13	41	0.9208282582216809
13	43	0.9196102314250914
13	45	0.9196102314250914
13	47	0.9171741778319124
13	49	0.915347137637028
13	51	0.9104750304506699
13	53	0.9043848964677222
13	55	0.9019488428745432
13	57	0.8989037758830695
13	59	0.8976857490864799
13	61	0.8946406820950061
13	63	0.8842874543239951
13	65	0.8842874543239951
13	67	0.8836784409257004
13	69	0.8836784409257004
13	71	0.8836784409257004
13	73	0.8836784409257004
13	75	0.8836784409257004
13	77	0.8806333739342266
13	79	0.8806333739342266
13	81	0.8806333739342266
13	83	0.8781973203410475
13	85	0.8781973203410475
13	87	0.8781973203410475
13	89	0.8781973203410475
13	91	0.8775883069427527
13	93	0.8763702801461632
13	95	0.8751522533495737
13	97	0.8739342265529841
13	99	0.8647990255785627
13	101	0.8647990255785627
15	5	0.9866017052375152
15	7	0.976857490864799
15	9	0.9695493300852619
15	11	0.9585870889159561
15	13	0.9567600487210719
15	15	0.9549330085261876
15	17	0.9524969549330086
15	19	0.9433617539585871
15	21	0.940925700365408
15	23	0.9378806333739342
15	25	0.9348355663824605
15	27	0.9342265529841657
15	29	0.9330085261875761
15	31	0.9287454323995128
15	33	0.9287454323995128
15	35	0.9275274056029232
15	37	0.9244823386114495
15	39	0.9214372716199757
15	41	0.9208282582216809
15	43	0.9196102314250914
15	45	0.9196102314250914
15	47	0.9171741778319124
15	49	0.915347137637028
15	51	0.9104750304506699
15	53	0.9043848964677222
15	55	0.9019488428745432
15	57	0.8989037758830695
15	59	0.8976857490864799
15	61	0.8946406820950061
15	63	0.8842874543239951
15	65	0.8842874543239951
15	67	0.8836784409257004
15	69	0.8836784409257004
15	71	0.8836784409257004
15	73	0.8836784409257004
15	75	0.8836784409257004
15	77	0.8806333739342266
15	79	0.8806333739342266
15	81	0.8806333739342266
15	83	0.8781973203410475
15	85	0.8781973203410475
15	87	0.8781973203410475
15	89	0.8781973203410475
15	91	0.8775883069427527
15	93	0.8763702801461632
15	95	0.8751522533495737
15	97	0.8739342265529841
15	99	0.8647990255785627
15	101	0.8647990255785627
17	5	0.9866017052375152
17	7	0.976857490864799
17	9	0.9695493300852619
17	11	0.9585870889159561
17	13	0.9567600487210719
17	15	0.9549330085261876
17	17	0.9524969549330086
17	19	0.9433617539585871
17	21	0.940925700365408
17	23	0.9378806333739342
17	25	0.9348355663824605
17	27	0.9342265529841657
17	29	0.9330085261875761
17	31	0.9287454323995128
17	33	0.9287454323995128
17	35	0.9275274056029232
17	37	0.9244823386114495
17	39	0.9214372716199757
17	41	0.9208282582216809
17	43	0.9196102314250914
17	45	0.9196102314250914
17	47	0.9171741778319124
17	49	0.915347137637028
17	51	0.9104750304506699
17	53	0.9043848964677222
17	55	0.9019488428745432
17	57	0.8989037758830695
17	59	0.8976857490864799
17	61	0.8946406820950061
17	63	0.8842874543239951
17	65	0.8842874543239951
17	67	0.8836784409257004
17	69	0.8836784409257004
17	71	0.8836784409257004
17	73	0.8836784409257004
17	75	0.8836784409257004
17	77	0.8806333739342266
17	79	0.8806333739342266
17	81	0.8806333739342266
17	83	0.8781973203410475
17	85	0.8781973203410475
17	87	0.8781973203410475
17	89	0.8781973203410475
17	91	0.8775883069427527
17	93	0.8763702801461632
17	95	0.8751522533495737
17	97	0.8739342265529841
17	99	0.8647990255785627
17	101	0.8647990255785627
19	5	0.9866017052375152
19	7	0.976857490864799
19	9	0.9695493300852619
19	11	0.9585870889159561
19	13	0.9567600487210719
19	15	0.9549330085261876
19	17	0.9524969549330086
19	19	0.9433617539585871
19	21	0.940925700365408
19	23	0.9378806333739342
19	25	0.9348355663824605
19	27	0.9342265529841657
19	29	0.9330085261875761
19	31	0.9287454323995128
19	33	0.9287454323995128
19	35	0.9275274056029232
19	37	0.9244823386114495
19	39	0.9214372716199757
19	41	0.9208282582216809
19	43	0.9196102314250914
19	45	0.9196102314250914
19	47	0.9171741778319124
19	49	0.915347137637028
19	51	0.9104750304506699
19	53	0.9043848964677222
19	55	0.9019488428745432
19	57	0.8989037758830695
19	59	0.8976857490864799
19	61	0.8946406820950061
19	63	0.8842874543239951
19	65	0.8842874543239951
19	67	0.8836784409257004
19	69	0.8836784409257004
19	71	0.8836784409257004
19	73	0.8836784409257004
19	75	0.8836784409257004
19	77	0.8806333739342266
19	79	0.8806333739342266
19	81	0.8806333739342266
19	83	0.8781973203410475
19	85	0.8781973203410475
19	87	0.8781973203410475
19	89	0.8781973203410475
19	91	0.8775883069427527
19	93	0.8763702801461632
19	95	0.8751522533495737
19	97	0.8739342265529841
19	99	0.8647990255785627
19	101	0.8647990255785627
21	5	0.9866017052375152
21	7	0.976857490864799
21	9	0.9695493300852619
21	11	0.9585870889159561
21	13	0.9567600487210719
21	15	0.9549330085261876
21	17	0.9524969549330086
21	19	0.9433617539585871
21	21	0.940925700365408
21	23	0.9378806333739342
21	25	0.9348355663824605
21	27	0.9342265529841657
21	29	0.9330085261875761
21	31	0.9287454323995128
21	33	0.9287454323995128
21	35	0.9275274056029232
21	37	0.9244823386114495
21	39	0.9214372716199757
21	41	0.9208282582216809
21	43	0.9196102314250914
21	45	0.9196102314250914
21	47	0.9171741778319124
21	49	0.915347137637028
21	51	0.9104750304506699
21	53	0.9043848964677222
21	55	0.9019488428745432
21	57	0.8989037758830695
21	59	0.8976857490864799
21	61	0.8946406820950061
21	63	0.8842874543239951
21	65	0.8842874543239951
21	67	0.8836784409257004
21	69	0.8836784409257004
21	71	0.8836784409257004
21	73	0.8836784409257004
21	75	0.8836784409257004
21	77	0.8806333739342266
21	79	0.8806333739342266
21	81	0.8806333739342266
21	83	0.8781973203410475
21	85	0.8781973203410475
21	87	0.8781973203410475
21	89	0.8781973203410475
21	91	0.8775883069427527
21	93	0.8763702801461632
21	95	0.8751522533495737
21	97	0.8739342265529841
21	99	0.8647990255785627
21	101	0.8647990255785627
23	5	0.9866017052375152
23	7	0.976857490864799
23	9	0.9695493300852619
23	11	0.9585870889159561
23	13	0.9567600487210719
23	15	0.9549330085261876
23	17	0.9524969549330086
23	19	0.9433617539585871
23	21	0.940925700365408
23	23	0.9378806333739342
23	25	0.9348355663824605
23	27	0.9342265529841657
23	29	0.9330085261875761
23	31	0.9287454323995128
23	33	0.9287454323995128
23	35	0.9275274056029232
23	37	0.9244823386114495
23	39	0.9214372716199757
23	41	0.9208282582216809
23	43	0.9196102314250914
23	45	0.9196102314250914
23	47	0.9171741778319124
23	49	0.915347137637028
23	51	0.9104750304506699
23	53	0.9043848964677222
23	55	0.9019488428745432
23	57	0.8989037758830695
23	59	0.8976857490864799
23	61	0.8946406820950061
23	63	0.8842874543239951
23	65	0.8842874543239951
23	67	0.8836784409257004
23	69	0.8836784409257004
23	71	0.8836784409257004
23	73	0.8836784409257004
23	75	0.8836784409257004
23	77	0.8806333739342266
23	79	0.8806333739342266
23	81	0.8806333739342266
23	83	0.8781973203410475
23	85	0.8781973203410475
23	87	0.8781973203410475
23	89	0.8781973203410475
23	91	0.8775883069427527
23	93	0.8763702801461632
23	95	0.8751522533495737
23	97	0.8739342265529841
23	99	0.8647990255785627
23	101	0.8647990255785627
25	5	0.9866017052375152
25	7	0.976857490864799
25	9	0.9695493300852619
25	11	0.9585870889159561
25	13	0.9567600487210719
25	15	0.9549330085261876
25	17	0.9524969549330086
25	19	0.9433617539585871
25	21	0.940925700365408
25	23	0.9378806333739342
25	25	0.9348355663824605
25	27	0.9342265529841657
25	29	0.9330085261875761
25	31	0.9287454323995128
25	33	0.9287454323995128
25	35	0.9275274056029232
25	37	0.9244823386114495
25	39	0.9214372716199757
25	41	0.9208282582216809
25	43	0.9196102314250914
25	45	0.9196102314250914
25	47	0.9171741778319124
25	49	0.915347137637028
25	51	0.9104750304506699
25	53	0.9043848964677222
25	55	0.9019488428745432
25	57	0.8989037758830695
25	59	0.8976857490864799
25	61	0.8946406820950061
25	63	0.8842874543239951
25	65	0.8842874543239951
25	67	0.8836784409257004
25	69	0.8836784409257004
25	71	0.8836784409257004
25	73	0.8836784409257004
25	75	0.8836784409257004
25	77	0.8806333739342266
25	79	0.8806333739342266
25	81	0.8806333739342266
25	83	0.8781973203410475
25	85	0.8781973203410475
25	87	0.8781973203410475
25	89	0.8781973203410475
25	91	0.8775883069427527
25	93	0.8763702801461632
25	95	0.8751522533495737
25	97	0.8739342265529841
25	99	0.8647990255785627
25	101	0.8647990255785627
27	5	0.9866017052375152
27	7	0.976857490864799
27	9	0.9695493300852619
27	11	0.9585870889159561
27	13	0.9567600487210719
27	15	0.9549330085261876
27	17	0.9524969549330086
27	19	0.9433617539585871
27	21	0.940925700365408
27	23	0.9378806333739342
27	25	0.9348355663824605
27	27	0.9342265529841657
27	29	0.9330085261875761
27	31	0.9287454323995128
27	33	0.9287454323995128
27	35	0.9275274056029232
27	37	0.9244823386114495
27	39	0.9214372716199757
27	41	0.9208282582216809
27	43	0.9196102314250914
27	45	0.9196102314250914
27	47	0.9171741778319124
27	49	0.915347137637028
27	51	0.9104750304506699
27	53	0.9043848964677222
27	55	0.9019488428745432
27	57	0.8989037758830695
27	59	0.8976857490864799
27	61	0.8946406820950061
27	63	0.8842874543239951
27	65	0.8842874543239951
27	67	0.8836784409257004
27	69	0.8836784409257004
27	71	0.8836784409257004
27	73	0.8836784409257004
27	75	0.8836784409257004
27	77	0.8806333739342266
27	79	0.8806333739342266
27	81	0.8806333739342266
27	83	0.8781973203410475
27	85	0.8781973203410475
27	87	0.8781973203410475
27	89	0.8781973203410475
27	91	0.8775883069427527
27	93	0.8763702801461632
27	95	0.8751522533495737
27	97	0.8739342265529841
27	99	0.8647990255785627
27	101	0.8647990255785627
29	5	0.9866017052375152
29	7	0.976857490864799
29	9	0.9695493300852619
29	11	0.9585870889159561
29	13	0.9567600487210719
29	15	0.9549330085261876
29	17	0.9524969549330086
29	19	0.9433617539585871
29	21	0.940925700365408
29	23	0.9378806333739342
29	25	0.9348355663824605
29	27	0.9342265529841657
29	29	0.9330085261875761
29	31	0.9287454323995128
29	33	0.9287454323995128
29	35	0.9275274056029232
29	37	0.9244823386114495
29	39	0.9214372716199757
29	41	0.9208282582216809
29	43	0.9196102314250914
29	45	0.9196102314250914
29	47	0.9171741778319124
29	49	0.915347137637028
29	51	0.9104750304506699
29	53	0.9043848964677222
29	55	0.9019488428745432
29	57	0.8989037758830695
29	59	0.8976857490864799
29	61	0.8946406820950061
29	63	0.8842874543239951
29	65	0.8842874543239951
29	67	0.8836784409257004
29	69	0.8836784409257004
29	71	0.8836784409257004
29	73	0.8836784409257004
29	75	0.8836784409257004
29	77	0.8806333739342266
29	79	0.8806333739342266
29	81	0.8806333739342266
29	83	0.8781973203410475
29	85	0.8781973203410475
29	87	0.8781973203410475
29	89	0.8781973203410475
29	91	0.8775883069427527
29	93	0.8763702801461632
29	95	0.8751522533495737
29	97	0.8739342265529841
29	99	0.8647990255785627
29	101	0.8647990255785627
31	5	0.9866017052375152
31	7	0.976857490864799
31	9	0.9695493300852619
31	11	0.9585870889159561
31	13	0.9567600487210719
31	15	0.9549330085261876
31	17	0.9524969549330086
31	19	0.9433617539585871
31	21	0.940925700365408
31	23	0.9378806333739342
31	25	0.9348355663824605
31	27	0.9342265529841657
31	29	0.9330085261875761
31	31	0.9287454323995128
31	33	0.9287454323995128
31	35	0.9275274056029232
31	37	0.9244823386114495
31	39	0.9214372716199757
31	41	0.9208282582216809
31	43	0.9196102314250914
31	45	0.9196102314250914
31	47	0.9171741778319124
31	49	0.915347137637028
31	51	0.9104750304506699
31	53	0.9043848964677222
31	55	0.9019488428745432
31	57	0.8989037758830695
31	59	0.8976857490864799
31	61	0.8946406820950061
31	63	0.8842874543239951
31	65	0.8842874543239951
31	67	0.8836784409257004
31	69	0.8836784409257004
31	71	0.8836784409257004
31	73	0.8836784409257004
31	75	0.8836784409257004
31	77	0.8806333739342266
31	79	0.8806333739342266
31	81	0.8806333739342266
31	83	0.8781973203410475
31	85	0.8781973203410475
31	87	0.8781973203410475
31	89	0.8781973203410475
31	91	0.8775883069427527
31	93	0.8763702801461632
31	95	0.8751522533495737
31	97	0.8739342265529841
31	99	0.8647990255785627
31	101	0.8647990255785627
33	5	0.9866017052375152
33	7	0.976857490864799
33	9	0.9695493300852619
33	11	0.9585870889159561
33	13	0.9567600487210719
33	15	0.9549330085261876
33	17	0.9524969549330086
33	19	0.9433617539585871
33	21	0.940925700365408
33	23	0.9378806333739342
33	25	0.9348355663824605
33	27	0.9342265529841657
33	29	0.9330085261875761
33	31	0.9287454323995128
33	33	0.9287454323995128
33	35	0.9275274056029232
33	37	0.9244823386114495
33	39	0.9214372716199757
33	41	0.9208282582216809
33	43	0.9196102314250914
33	45	0.9196102314250914
33	47	0.9171741778319124
33	49	0.915347137637028
33	51	0.9104750304506699
33	53	0.9043848964677222
33	55	0.9019488428745432
33	57	0.8989037758830695
33	59	0.8976857490864799
33	61	0.8946406820950061
33	63	0.8842874543239951
33	65	0.8842874543239951
33	67	0.8836784409257004
33	69	0.8836784409257004
33	71	0.8836784409257004
33	73	0.8836784409257004
33	75	0.8836784409257004
33	77	0.8806333739342266
33	79	0.8806333739342266
33	81	0.8806333739342266
33	83	0.8781973203410475
33	85	0.8781973203410475
33	87	0.8781973203410475
33	89	0.8781973203410475
33	91	0.8775883069427527
33	93	0.8763702801461632
33	95	0.8751522533495737
33	97	0.8739342265529841
33	99	0.8647990255785627
33	101	0.8647990255785627
35	5	0.9866017052375152
35	7	0.976857490864799
35	9	0.9695493300852619
35	11	0.9585870889159561
35	13	0.9567600487210719
35	15	0.9549330085261876
35	17	0.9524969549330086
35	19	0.9433617539585871
35	21	0.940925700365408
35	23	0.9378806333739342
35	25	0.9348355663824605
35	27	0.9342265529841657
35	29	0.9330085261875761
35	31	0.9287454323995128
35	33	0.9287454323995128
35	35	0.9275274056029232
35	37	0.9244823386114495
35	39	0.9214372716199757
35	41	0.9208282582216809
35	43	0.9196102314250914
35	45	0.9196102314250914
35	47	0.9171741778319124
35	49	0.915347137637028
35	51	0.9104750304506699
35	53	0.9043848964677222
35	55	0.9019488428745432
35	57	0.8989037758830695
35	59	0.8976857490864799
35	61	0.8946406820950061
35	63	0.8842874543239951
35	65	0.8842874543239951
35	67	0.8836784409257004
35	69	0.8836784409257004
35	71	0.8836784409257004
35	73	0.8836784409257004
35	75	0.8836784409257004
35	77	0.8806333739342266
35	79	0.8806333739342266
35	81	0.8806333739342266
35	83	0.8781973203410475
35	85	0.8781973203410475
35	87	0.8781973203410475
35	89	0.8781973203410475
35	91	0.8775883069427527
35	93	0.8763702801461632
35	95	0.8751522533495737
35	97	0.8739342265529841
35	99	0.8647990255785627
35	101	0.8647990255785627
37	5	0.9866017052375152
37	7	0.976857490864799
37	9	0.9695493300852619
37	11	0.9585870889159561
37	13	0.9567600487210719
37	15	0.9549330085261876
37	17	0.9524969549330086
37	19	0.9433617539585871
37	21	0.940925700365408
37	23	0.9378806333739342
37	25	0.9348355663824605
37	27	0.9342265529841657
37	29	0.9330085261875761
37	31	0.9287454323995128
37	33	0.9287454323995128
37	35	0.9275274056029232
37	37	0.9244823386114495
37	39	0.9214372716199757
37	41	0.9208282582216809
37	43	0.9196102314250914
37	45	0.9196102314250914
37	47	0.9171741778319124
37	49	0.915347137637028
37	51	0.9104750304506699
37	53	0.9043848964677222
37	55	0.9019488428745432
37	57	0.8989037758830695
37	59	0.8976857490864799
37	61	0.8946406820950061
37	63	0.8842874543239951
37	65	0.8842874543239951
37	67	0.8836784409257004
37	69	0.8836784409257004
37	71	0.8836784409257004
37	73	0.8836784409257004
37	75	0.8836784409257004
37	77	0.8806333739342266
37	79	0.8806333739342266
37	81	0.8806333739342266
37	83	0.8781973203410475
37	85	0.8781973203410475
37	87	0.8781973203410475
37	89	0.8781973203410475
37	91	0.8775883069427527
37	93	0.8763702801461632
37	95	0.8751522533495737
37	97	0.8739342265529841
37	99	0.8647990255785627
37	101	0.8647990255785627
39	5	0.9866017052375152
39	7	0.976857490864799
39	9	0.9695493300852619
39	11	0.9585870889159561
39	13	0.9567600487210719
39	15	0.9549330085261876
39	17	0.9524969549330086
39	19	0.9433617539585871
39	21	0.940925700365408
39	23	0.9378806333739342
39	25	0.9348355663824605
39	27	0.9342265529841657
39	29	0.9330085261875761
39	31	0.9287454323995128
39	33	0.9287454323995128
39	35	0.9275274056029232
39	37	0.9244823386114495
39	39	0.9214372716199757
39	41	0.9208282582216809
39	43	0.9196102314250914
39	45	0.9196102314250914
39	47	0.9171741778319124
39	49	0.915347137637028
39	51	0.9104750304506699
39	53	0.9043848964677222
39	55	0.9019488428745432
39	57	0.8989037758830695
39	59	0.8976857490864799
39	61	0.8946406820950061
39	63	0.8842874543239951
39	65	0.8842874543239951
39	67	0.8836784409257004
39	69	0.8836784409257004
39	71	0.8836784409257004
39	73	0.8836784409257004
39	75	0.8836784409257004
39	77	0.8806333739342266
39	79	0.8806333739342266
39	81	0.8806333739342266
39	83	0.8781973203410475
39	85	0.8781973203410475
39	87	0.8781973203410475
39	89	0.8781973203410475
39	91	0.8775883069427527
39	93	0.8763702801461632
39	95	0.8751522533495737
39	97	0.8739342265529841
39	99	0.8647990255785627
39	101	0.8647990255785627
41	5	0.9866017052375152
41	7	0.976857490864799
41	9	0.9695493300852619
41	11	0.9585870889159561
41	13	0.9567600487210719
41	15	0.9549330085261876
41	17	0.9524969549330086
41	19	0.9433617539585871
41	21	0.940925700365408
41	23	0.9378806333739342
41	25	0.9348355663824605
41	27	0.9342265529841657
41	29	0.9330085261875761
41	31	0.9287454323995128
41	33	0.9287454323995128
41	35	0.9275274056029232
41	37	0.9244823386114495
41	39	0.9214372716199757
41	41	0.9208282582216809
41	43	0.9196102314250914
41	45	0.9196102314250914
41	47	0.9171741778319124
41	49	0.915347137637028
41	51	0.9104750304506699
41	53	0.9043848964677222
41	55	0.9019488428745432
41	57	0.8989037758830695
41	59	0.8976857490864799
41	61	0.8946406820950061
41	63	0.8842874543239951
41	65	0.8842874543239951
41	67	0.8836784409257004
41	69	0.8836784409257004
41	71	0.8836784409257004
41	73	0.8836784409257004
41	75	0.8836784409257004
41	77	0.8806333739342266
41	79	0.8806333739342266
41	81	0.8806333739342266
41	83	0.8781973203410475
41	85	0.8781973203410475
41	87	0.8781973203410475
41	89	0.8781973203410475
41	91	0.8775883069427527
41	93	0.8763702801461632
41	95	0.8751522533495737
41	97	0.8739342265529841
41	99	0.8647990255785627
41	101	0.8647990255785627
43	5	0.9866017052375152
43	7	0.976857490864799
43	9	0.9695493300852619
43	11	0.9585870889159561
43	13	0.9567600487210719
43	15	0.9549330085261876
43	17	0.9524969549330086
43	19	0.9433617539585871
43	21	0.940925700365408
43	23	0.9378806333739342
43	25	0.9348355663824605
43	27	0.9342265529841657
43	29	0.9330085261875761
43	31	0.9287454323995128
43	33	0.9287454323995128
43	35	0.9275274056029232
43	37	0.9244823386114495
43	39	0.9214372716199757
43	41	0.9208282582216809
43	43	0.9196102314250914
43	45	0.9196102314250914
43	47	0.9171741778319124
43	49	0.915347137637028
43	51	0.9104750304506699
43	53	0.9043848964677222
43	55	0.9019488428745432
43	57	0.8989037758830695
43	59	0.8976857490864799
43	61	0.8946406820950061
43	63	0.8842874543239951
43	65	0.8842874543239951
43	67	0.8836784409257004
43	69	0.8836784409257004
43	71	0.8836784409257004
43	73	0.8836784409257004
43	75	0.8836784409257004
43	77	0.8806333739342266
43	79	0.8806333739342266
43	81	0.8806333739342266
43	83	0.8781973203410475
43	85	0.8781973203410475
43	87	0.8781973203410475
43	89	0.8781973203410475
43	91	0.8775883069427527
43	93	0.8763702801461632
43	95	0.8751522533495737
43	97	0.8739342265529841
43	99	0.8647990255785627
43	101	0.8647990255785627
45	5	0.9866017052375152
45	7	0.976857490864799
45	9	0.9695493300852619
45	11	0.9585870889159561
45	13	0.9567600487210719
45	15	0.9549330085261876
45	17	0.9524969549330086
45	19	0.9433617539585871
45	21	0.940925700365408
45	23	0.9378806333739342
45	25	0.9348355663824605
45	27	0.9342265529841657
45	29	0.9330085261875761
45	31	0.9287454323995128
45	33	0.9287454323995128
45	35	0.9275274056029232
45	37	0.9244823386114495
45	39	0.9214372716199757
45	41	0.9208282582216809
45	43	0.9196102314250914
45	45	0.9196102314250914
45	47	0.9171741778319124
45	49	0.915347137637028
45	51	0.9104750304506699
45	53	0.9043848964677222
45	55	0.9019488428745432
45	57	0.8989037758830695
45	59	0.8976857490864799
45	61	0.8946406820950061
45	63	0.8842874543239951
45	65	0.8842874543239951
45	67	0.8836784409257004
45	69	0.8836784409257004
45	71	0.8836784409257004
45	73	0.8836784409257004
45	75	0.8836784409257004
45	77	0.8806333739342266
45	79	0.8806333739342266
45	81	0.8806333739342266
45	83	0.8781973203410475
45	85	0.8781973203410475
45	87	0.8781973203410475
45	89	0.8781973203410475
45	91	0.8775883069427527
45	93	0.8763702801461632
45	95	0.8751522533495737
45	97	0.8739342265529841
45	99	0.8647990255785627
45	101	0.8647990255785627
47	5	0.9866017052375152
47	7	0.976857490864799
47	9	0.9695493300852619
47	11	0.9585870889159561
47	13	0.9567600487210719
47	15	0.9549330085261876
47	17	0.9524969549330086
47	19	0.9433617539585871
47	21	0.940925700365408
47	23	0.9378806333739342
47	25	0.9348355663824605
47	27	0.9342265529841657
47	29	0.9330085261875761
47	31	0.9287454323995128
47	33	0.9287454323995128
47	35	0.9275274056029232
47	37	0.9244823386114495
47	39	0.9214372716199757
47	41	0.9208282582216809
47	43	0.9196102314250914
47	45	0.9196102314250914
47	47	0.9171741778319124
47	49	0.915347137637028
47	51	0.9104750304506699
47	53	0.9043848964677222
47	55	0.9019488428745432
47	57	0.8989037758830695
47	59	0.8976857490864799
47	61	0.8946406820950061
47	63	0.8842874543239951
47	65	0.8842874543239951
47	67	0.8836784409257004
47	69	0.8836784409257004
47	71	0.8836784409257004
47	73	0.8836784409257004
47	75	0.8836784409257004
47	77	0.8806333739342266
47	79	0.8806333739342266
47	81	0.8806333739342266
47	83	0.8781973203410475
47	85	0.8781973203410475
47	87	0.8781973203410475
47	89	0.8781973203410475
47	91	0.8775883069427527
47	93	0.8763702801461632
47	95	0.8751522533495737
47	97	0.8739342265529841
47	99	0.8647990255785627
47	101	0.8647990255785627
49	5	0.9866017052375152
49	7	0.976857490864799
49	9	0.9695493300852619
49	11	0.9585870889159561
49	13	0.9567600487210719
49	15	0.9549330085261876
49	17	0.9524969549330086
49	19	0.9433617539585871
49	21	0.940925700365408
49	23	0.9378806333739342
49	25	0.9348355663824605
49	27	0.9342265529841657
49	29	0.9330085261875761
49	31	0.9287454323995128
49	33	0.9287454323995128
49	35	0.9275274056029232
49	37	0.9244823386114495
49	39	0.9214372716199757
49	41	0.9208282582216809
49	43	0.9196102314250914
49	45	0.9196102314250914
49	47	0.9171741778319124
49	49	0.915347137637028
49	51	0.9104750304506699
49	53	0.9043848964677222
49	55	0.9019488428745432
49	57	0.8989037758830695
49	59	0.8976857490864799
49	61	0.8946406820950061
49	63	0.8842874543239951
49	65	0.8842874543239951
49	67	0.8836784409257004
49	69	0.8836784409257004
49	71	0.8836784409257004
49	73	0.8836784409257004
49	75	0.8836784409257004
49	77	0.8806333739342266
49	79	0.8806333739342266
49	81	0.8806333739342266
49	83	0.8781973203410475
49	85	0.8781973203410475
49	87	0.8781973203410475
49	89	0.8781973203410475
49	91	0.8775883069427527
49	93	0.8763702801461632
49	95	0.8751522533495737
49	97	0.8739342265529841
49	99	0.8647990255785627
49	101	0.8647990255785627
51	5	0.9866017052375152
51	7	0.976857490864799
51	9	0.9695493300852619
51	11	0.9585870889159561
51	13	0.9567600487210719
51	15	0.9549330085261876
51	17	0.9524969549330086
51	19	0.9433617539585871
51	21	0.940925700365408
51	23	0.9378806333739342
51	25	0.9348355663824605
51	27	0.9342265529841657
51	29	0.9330085261875761
51	31	0.9287454323995128
51	33	0.9287454323995128
51	35	0.9275274056029232
51	37	0.9244823386114495
51	39	0.9214372716199757
51	41	0.9208282582216809
51	43	0.9196102314250914
51	45	0.9196102314250914
51	47	0.9171741778319124
51	49	0.915347137637028
51	51	0.9104750304506699
51	53	0.9043848964677222
51	55	0.9019488428745432
51	57	0.8989037758830695
51	59	0.8976857490864799
51	61	0.8946406820950061
51	63	0.8842874543239951
51	65	0.8842874543239951
51	67	0.8836784409257004
51	69	0.8836784409257004
51	71	0.8836784409257004
51	73	0.8836784409257004
51	75	0.8836784409257004
51	77	0.8806333739342266
51	79	0.8806333739342266
51	81	0.8806333739342266
51	83	0.8781973203410475
51	85	0.8781973203410475
51	87	0.8781973203410475
51	89	0.8781973203410475
51	91	0.8775883069427527
51	93	0.8763702801461632
51	95	0.8751522533495737
51	97	0.8739342265529841
51	99	0.8647990255785627
51	101	0.8647990255785627
53	5	0.9866017052375152
53	7	0.976857490864799
53	9	0.9695493300852619
53	11	0.9585870889159561
53	13	0.9567600487210719
53	15	0.9549330085261876
53	17	0.9524969549330086
53	19	0.9433617539585871
53	21	0.940925700365408
53	23	0.9378806333739342
53	25	0.9348355663824605
53	27	0.9342265529841657
53	29	0.9330085261875761
53	31	0.9287454323995128
53	33	0.9287454323995128
53	35	0.9275274056029232
53	37	0.9244823386114495
53	39	0.9214372716199757
53	41	0.9208282582216809
53	43	0.9196102314250914
53	45	0.9196102314250914
53	47	0.9171741778319124
53	49	0.915347137637028
53	51	0.9104750304506699
53	53	0.9043848964677222
53	55	0.9019488428745432
53	57	0.8989037758830695
53	59	0.8976857490864799
53	61	0.8946406820950061
53	63	0.8842874543239951
53	65	0.8842874543239951
53	67	0.8836784409257004
53	69	0.8836784409257004
53	71	0.8836784409257004
53	73	0.8836784409257004
53	75	0.8836784409257004
53	77	0.8806333739342266
53	79	0.8806333739342266
53	81	0.8806333739342266
53	83	0.8781973203410475
53	85	0.8781973203410475
53	87	0.8781973203410475
53	89	0.8781973203410475
53	91	0.8775883069427527
53	93	0.8763702801461632
53	95	0.8751522533495737
53	97	0.8739342265529841
53	99	0.8647990255785627
53	101	0.8647990255785627
55	5	0.9866017052375152
55	7	0.976857490864799
55	9	0.9695493300852619
55	11	0.9585870889159561
55	13	0.9567600487210719
55	15	0.9549330085261876
55	17	0.9524969549330086
55	19	0.9433617539585871
55	21	0.940925700365408
55	23	0.9378806333739342
55	25	0.9348355663824605
55	27	0.9342265529841657
55	29	0.9330085261875761
55	31	0.9287454323995128
55	33	0.9287454323995128
55	35	0.9275274056029232
55	37	0.9244823386114495
55	39	0.9214372716199757
55	41	0.9208282582216809
55	43	0.9196102314250914
55	45	0.9196102314250914
55	47	0.9171741778319124
55	49	0.915347137637028
55	51	0.9104750304506699
55	53	0.9043848964677222
55	55	0.9019488428745432
55	57	0.8989037758830695
55	59	0.8976857490864799
55	61	0.8946406820950061
55	63	0.8842874543239951
55	65	0.8842874543239951
55	67	0.8836784409257004
55	69	0.8836784409257004
55	71	0.8836784409257004
55	73	0.8836784409257004
55	75	0.8836784409257004
55	77	0.8806333739342266
55	79	0.8806333739342266
55	81	0.8806333739342266
55	83	0.8781973203410475
55	85	0.8781973203410475
55	87	0.8781973203410475
55	89	0.8781973203410475
55	91	0.8775883069427527
55	93	0.8763702801461632
55	95	0.8751522533495737
55	97	0.8739342265529841
55	99	0.8647990255785627
55	101	0.8647990255785627
57	5	0.9866017052375152
57	7	0.976857490864799
57	9	0.9695493300852619
57	11	0.9585870889159561
57	13	0.9567600487210719
57	15	0.9549330085261876
57	17	0.9524969549330086
57	19	0.9433617539585871
57	21	0.940925700365408
57	23	0.9378806333739342
57	25	0.9348355663824605
57	27	0.9342265529841657
57	29	0.9330085261875761
57	31	0.9287454323995128
57	33	0.9287454323995128
57	35	0.9275274056029232
57	37	0.9244823386114495
57	39	0.9214372716199757
57	41	0.9208282582216809
57	43	0.9196102314250914
57	45	0.9196102314250914
57	47	0.9171741778319124
57	49	0.915347137637028
57	51	0.9104750304506699
57	53	0.9043848964677222
57	55	0.9019488428745432
57	57	0.8989037758830695
57	59	0.8976857490864799
57	61	0.8946406820950061
57	63	0.8842874543239951
57	65	0.8842874543239951
57	67	0.8836784409257004
57	69	0.8836784409257004
57	71	0.8836784409257004
57	73	0.8836784409257004
57	75	0.8836784409257004
57	77	0.8806333739342266
57	79	0.8806333739342266
57	81	0.8806333739342266
57	83	0.8781973203410475
57	85	0.8781973203410475
57	87	0.8781973203410475
57	89	0.8781973203410475
57	91	0.8775883069427527
57	93	0.8763702801461632
57	95	0.8751522533495737
57	97	0.8739342265529841
57	99	0.8647990255785627
57	101	0.8647990255785627
59	5	0.9866017052375152
59	7	0.976857490864799
59	9	0.9695493300852619
59	11	0.9585870889159561
59	13	0.9567600487210719
59	15	0.9549330085261876
59	17	0.9524969549330086
59	19	0.9433617539585871
59	21	0.940925700365408
59	23	0.9378806333739342
59	25	0.9348355663824605
59	27	0.9342265529841657
59	29	0.9330085261875761
59	31	0.9287454323995128
59	33	0.9287454323995128
59	35	0.9275274056029232
59	37	0.9244823386114495
59	39	0.9214372716199757
59	41	0.9208282582216809
59	43	0.9196102314250914
59	45	0.9196102314250914
59	47	0.9171741778319124
59	49	0.915347137637028
59	51	0.9104750304506699
59	53	0.9043848964677222
59	55	0.9019488428745432
59	57	0.8989037758830695
59	59	0.8976857490864799
59	61	0.8946406820950061
59	63	0.8842874543239951
59	65	0.8842874543239951
59	67	0.8836784409257004
59	69	0.8836784409257004
59	71	0.8836784409257004
59	73	0.8836784409257004
59	75	0.8836784409257004
59	77	0.8806333739342266
59	79	0.8806333739342266
59	81	0.8806333739342266
59	83	0.8781973203410475
59	85	0.8781973203410475
59	87	0.8781973203410475
59	89	0.8781973203410475
59	91	0.8775883069427527
59	93	0.8763702801461632
59	95	0.8751522533495737
59	97	0.8739342265529841
59	99	0.8647990255785627
59	101	0.8647990255785627
61	5	0.9866017052375152
61	7	0.976857490864799
61	9	0.9695493300852619
61	11	0.9585870889159561
61	13	0.9567600487210719
61	15	0.9549330085261876
61	17	0.9524969549330086
61	19	0.9433617539585871
61	21	0.940925700365408
61	23	0.9378806333739342
61	25	0.9348355663824605
61	27	0.9342265529841657
61	29	0.9330085261875761
61	31	0.9287454323995128
61	33	0.9287454323995128
61	35	0.9275274056029232
61	37	0.9244823386114495
61	39	0.9214372716199757
61	41	0.9208282582216809
61	43	0.9196102314250914
61	45	0.9196102314250914
61	47	0.9171741778319124
61	49	0.915347137637028
61	51	0.9104750304506699
61	53	0.9043848964677222
61	55	0.9019488428745432
61	57	0.8989037758830695
61	59	0.8976857490864799
61	61	0.8946406820950061
61	63	0.8842874543239951
61	65	0.8842874543239951
61	67	0.8836784409257004
61	69	0.8836784409257004
61	71	0.8836784409257004
61	73	0.8836784409257004
61	75	0.8836784409257004
61	77	0.8806333739342266
61	79	0.8806333739342266
61	81	0.8806333739342266
61	83	0.8781973203410475
61	85	0.8781973203410475
61	87	0.8781973203410475
61	89	0.8781973203410475
61	91	0.8775883069427527
61	93	0.8763702801461632
61	95	0.8751522533495737
61	97	0.8739342265529841
61	99	0.8647990255785627
61	101	0.8647990255785627
63	5	0.9866017052375152
63	7	0.976857490864799
63	9	0.9695493300852619
63	11	0.9585870889159561
63	13	0.9567600487210719
63	15	0.9549330085261876
63	17	0.9524969549330086
63	19	0.9433617539585871
63	21	0.940925700365408
63	23	0.9378806333739342
63	25	0.9348355663824605
63	27	0.9342265529841657
63	29	0.9330085261875761
63	31	0.9287454323995128
63	33	0.9287454323995128
63	35	0.9275274056029232
63	37	0.9244823386114495
63	39	0.9214372716199757
63	41	0.9208282582216809
63	43	0.9196102314250914
63	45	0.9196102314250914
63	47	0.9171741778319124
63	49	0.915347137637028
63	51	0.9104750304506699
63	53	0.9043848964677222
63	55	0.9019488428745432
63	57	0.8989037758830695
63	59	0.8976857490864799
63	61	0.8946406820950061
63	63	0.8842874543239951
63	65	0.8842874543239951
63	67	0.8836784409257004
63	69	0.8836784409257004
63	71	0.8836784409257004
63	73	0.8836784409257004
63	75	0.8836784409257004
63	77	0.8806333739342266
63	79	0.8806333739342266
63	81	0.8806333739342266
63	83	0.8781973203410475
63	85	0.8781973203410475
63	87	0.8781973203410475
63	89	0.8781973203410475
63	91	0.8775883069427527
63	93	0.8763702801461632
63	95	0.8751522533495737
63	97	0.8739342265529841
63	99	0.8647990255785627
63	101	0.8647990255785627
65	5	0.9866017052375152
65	7	0.976857490864799
65	9	0.9695493300852619
65	11	0.9585870889159561
65	13	0.9567600487210719
65	15	0.9549330085261876
65	17	0.9524969549330086
65	19	0.9433617539585871
65	21	0.940925700365408
65	23	0.9378806333739342
65	25	0.9348355663824605
65	27	0.9342265529841657
65	29	0.9330085261875761
65	31	0.9287454323995128
65	33	0.9287454323995128
65	35	0.9275274056029232
65	37	0.9244823386114495
65	39	0.9214372716199757
65	41	0.9208282582216809
65	43	0.9196102314250914
65	45	0.9196102314250914
65	47	0.9171741778319124
65	49	0.915347137637028
65	51	0.9104750304506699
65	53	0.9043848964677222
65	55	0.9019488428745432
65	57	0.8989037758830695
65	59	0.8976857490864799
65	61	0.8946406820950061
65	63	0.8842874543239951
65	65	0.8842874543239951
65	67	0.8836784409257004
65	69	0.8836784409257004
65	71	0.8836784409257004
65	73	0.8836784409257004
65	75	0.8836784409257004
65	77	0.8806333739342266
65	79	0.8806333739342266
65	81	0.8806333739342266
65	83	0.8781973203410475
65	85	0.8781973203410475
65	87	0.8781973203410475
65	89	0.8781973203410475
65	91	0.8775883069427527
65	93	0.8763702801461632
65	95	0.8751522533495737
65	97	0.8739342265529841
65	99	0.8647990255785627
65	101	0.8647990255785627
67	5	0.9866017052375152
67	7	0.976857490864799
67	9	0.9695493300852619
67	11	0.9585870889159561
67	13	0.9567600487210719
67	15	0.9549330085261876
67	17	0.9524969549330086
67	19	0.9433617539585871
67	21	0.940925700365408
67	23	0.9378806333739342
67	25	0.9348355663824605
67	27	0.9342265529841657
67	29	0.9330085261875761
67	31	0.9287454323995128
67	33	0.9287454323995128
67	35	0.9275274056029232
67	37	0.9244823386114495
67	39	0.9214372716199757
67	41	0.9208282582216809
67	43	0.9196102314250914
67	45	0.9196102314250914
67	47	0.9171741778319124
67	49	0.915347137637028
67	51	0.9104750304506699
67	53	0.9043848964677222
67	55	0.9019488428745432
67	57	0.8989037758830695
67	59	0.8976857490864799
67	61	0.8946406820950061
67	63	0.8842874543239951
67	65	0.8842874543239951
67	67	0.8836784409257004
67	69	0.8836784409257004
67	71	0.8836784409257004
67	73	0.8836784409257004
67	75	0.8836784409257004
67	77	0.8806333739342266
67	79	0.8806333739342266
67	81	0.8806333739342266
67	83	0.8781973203410475
67	85	0.8781973203410475
67	87	0.8781973203410475
67	89	0.8781973203410475
67	91	0.8775883069427527
67	93	0.8763702801461632
67	95	0.8751522533495737
67	97	0.8739342265529841
67	99	0.8647990255785627
67	101	0.8647990255785627
69	5	0.9866017052375152
69	7	0.976857490864799
69	9	0.9695493300852619
69	11	0.9585870889159561
69	13	0.9567600487210719
69	15	0.9549330085261876
69	17	0.9524969549330086
69	19	0.9433617539585871
69	21	0.940925700365408
69	23	0.9378806333739342
69	25	0.9348355663824605
69	27	0.9342265529841657
69	29	0.9330085261875761
69	31	0.9287454323995128
69	33	0.9287454323995128
69	35	0.9275274056029232
69	37	0.9244823386114495
69	39	0.9214372716199757
69	41	0.9208282582216809
69	43	0.9196102314250914
69	45	0.9196102314250914
69	47	0.9171741778319124
69	49	0.915347137637028
69	51	0.9104750304506699
69	53	0.9043848964677222
69	55	0.9019488428745432
69	57	0.8989037758830695
69	59	0.8976857490864799
69	61	0.8946406820950061
69	63	0.8842874543239951
69	65	0.8842874543239951
69	67	0.8836784409257004
69	69	0.8836784409257004
69	71	0.8836784409257004
69	73	0.8836784409257004
69	75	0.8836784409257004
69	77	0.8806333739342266
69	79	0.8806333739342266
69	81	0.8806333739342266
69	83	0.8781973203410475
69	85	0.8781973203410475
69	87	0.8781973203410475
69	89	0.8781973203410475
69	91	0.8775883069427527
69	93	0.8763702801461632
69	95	0.8751522533495737
69	97	0.8739342265529841
69	99	0.8647990255785627
69	101	0.8647990255785627
71	5	0.9866017052375152
71	7	0.976857490864799
71	9	0.9695493300852619
71	11	0.9585870889159561
71	13	0.9567600487210719
71	15	0.9549330085261876
71	17	0.9524969549330086
71	19	0.9433617539585871
71	21	0.940925700365408
71	23	0.9378806333739342
71	25	0.9348355663824605
71	27	0.9342265529841657
71	29	0.9330085261875761
71	31	0.9287454323995128
71	33	0.9287454323995128
71	35	0.9275274056029232
71	37	0.9244823386114495
71	39	0.9214372716199757
71	41	0.9208282582216809
71	43	0.9196102314250914
71	45	0.9196102314250914
71	47	0.9171741778319124
71	49	0.915347137637028
71	51	0.9104750304506699
71	53	0.9043848964677222
71	55	0.9019488428745432
71	57	0.8989037758830695
71	59	0.8976857490864799
71	61	0.8946406820950061
71	63	0.8842874543239951
71	65	0.8842874543239951
71	67	0.8836784409257004
71	69	0.8836784409257004
71	71	0.8836784409257004
71	73	0.8836784409257004
71	75	0.8836784409257004
71	77	0.8806333739342266
71	79	0.8806333739342266
71	81	0.8806333739342266
71	83	0.8781973203410475
71	85	0.8781973203410475
71	87	0.8781973203410475
71	89	0.8781973203410475
71	91	0.8775883069427527
71	93	0.8763702801461632
71	95	0.8751522533495737
71	97	0.8739342265529841
71	99	0.8647990255785627
71	101	0.8647990255785627
73	5	0.9866017052375152
73	7	0.976857490864799
73	9	0.9695493300852619
73	11	0.9585870889159561
73	13	0.9567600487210719
73	15	0.9549330085261876
73	17	0.9524969549330086
73	19	0.9433617539585871
73	21	0.940925700365408
73	23	0.9378806333739342
73	25	0.9348355663824605
73	27	0.9342265529841657
73	29	0.9330085261875761
73	31	0.9287454323995128
73	33	0.9287454323995128
73	35	0.9275274056029232
73	37	0.9244823386114495
73	39	0.9214372716199757
73	41	0.9208282582216809
73	43	0.9196102314250914
73	45	0.9196102314250914
73	47	0.9171741778319124
73	49	0.915347137637028
73	51	0.9104750304506699
73	53	0.9043848964677222
73	55	0.9019488428745432
73	57	0.8989037758830695
73	59	0.8976857490864799
73	61	0.8946406820950061
73	63	0.8842874543239951
73	65	0.8842874543239951
73	67	0.8836784409257004
73	69	0.8836784409257004
73	71	0.8836784409257004
73	73	0.8836784409257004
73	75	0.8836784409257004
73	77	0.8806333739342266
73	79	0.8806333739342266
73	81	0.8806333739342266
73	83	0.8781973203410475
73	85	0.8781973203410475
73	87	0.8781973203410475
73	89	0.8781973203410475
73	91	0.8775883069427527
73	93	0.8763702801461632
73	95	0.8751522533495737
73	97	0.8739342265529841
73	99	0.8647990255785627
73	101	0.8647990255785627
75	5	0.9866017052375152
75	7	0.976857490864799
75	9	0.9695493300852619
75	11	0.9585870889159561
75	13	0.9567600487210719
75	15	0.9549330085261876
75	17	0.9524969549330086
75	19	0.9433617539585871
75	21	0.940925700365408
75	23	0.9378806333739342
75	25	0.9348355663824605
75	27	0.9342265529841657
75	29	0.9330085261875761
75	31	0.9287454323995128
75	33	0.9287454323995128
75	35	0.9275274056029232
75	37	0.9244823386114495
75	39	0.9214372716199757
75	41	0.9208282582216809
75	43	0.9196102314250914
75	45	0.9196102314250914
75	47	0.9171741778319124
75	49	0.915347137637028
75	51	0.9104750304506699
75	53	0.9043848964677222
75	55	0.9019488428745432
75	57	0.8989037758830695
75	59	0.8976857490864799
75	61	0.8946406820950061
75	63	0.8842874543239951
75	65	0.8842874543239951
75	67	0.8836784409257004
75	69	0.8836784409257004
75	71	0.8836784409257004
75	73	0.8836784409257004
75	75	0.8836784409257004
75	77	0.8806333739342266
75	79	0.8806333739342266
75	81	0.8806333739342266
75	83	0.8781973203410475
75	85	0.8781973203410475
75	87	0.8781973203410475
75	89	0.8781973203410475
75	91	0.8775883069427527
75	93	0.8763702801461632
75	95	0.8751522533495737
75	97	0.8739342265529841
75	99	0.8647990255785627
75	101	0.8647990255785627
77	5	0.9866017052375152
77	7	0.976857490864799
77	9	0.9695493300852619
77	11	0.9585870889159561
77	13	0.9567600487210719
77	15	0.9549330085261876
77	17	0.9524969549330086
77	19	0.9433617539585871
77	21	0.940925700365408
77	23	0.9378806333739342
77	25	0.9348355663824605
77	27	0.9342265529841657
77	29	0.9330085261875761
77	31	0.9287454323995128
77	33	0.9287454323995128
77	35	0.9275274056029232
77	37	0.9244823386114495
77	39	0.9214372716199757
77	41	0.9208282582216809
77	43	0.9196102314250914
77	45	0.9196102314250914
77	47	0.9171741778319124
77	49	0.915347137637028
77	51	0.9104750304506699
77	53	0.9043848964677222
77	55	0.9019488428745432
77	57	0.8989037758830695
77	59	0.8976857490864799
77	61	0.8946406820950061
77	63	0.8842874543239951
77	65	0.8842874543239951
77	67	0.8836784409257004
77	69	0.8836784409257004
77	71	0.8836784409257004
77	73	0.8836784409257004
77	75	0.8836784409257004
77	77	0.8806333739342266
77	79	0.8806333739342266
77	81	0.8806333739342266
77	83	0.8781973203410475
77	85	0.8781973203410475
77	87	0.8781973203410475
77	89	0.8781973203410475
77	91	0.8775883069427527
77	93	0.8763702801461632
77	95	0.8751522533495737
77	97	0.8739342265529841
77	99	0.8647990255785627
77	101	0.8647990255785627
79	5	0.9866017052375152
79	7	0.976857490864799
79	9	0.9695493300852619
79	11	0.9585870889159561
79	13	0.9567600487210719
79	15	0.9549330085261876
79	17	0.9524969549330086
79	19	0.9433617539585871
79	21	0.940925700365408
79	23	0.9378806333739342
79	25	0.9348355663824605
79	27	0.9342265529841657
79	29	0.9330085261875761
79	31	0.9287454323995128
79	33	0.9287454323995128
79	35	0.9275274056029232
79	37	0.9244823386114495
79	39	0.9214372716199757
79	41	0.9208282582216809
79	43	0.9196102314250914
79	45	0.9196102314250914
79	47	0.9171741778319124
79	49	0.915347137637028
79	51	0.9104750304506699
79	53	0.9043848964677222
79	55	0.9019488428745432
79	57	0.8989037758830695
79	59	0.8976857490864799
79	61	0.8946406820950061
79	63	0.8842874543239951
79	65	0.8842874543239951
79	67	0.8836784409257004
79	69	0.8836784409257004
79	71	0.8836784409257004
79	73	0.8836784409257004
79	75	0.8836784409257004
79	77	0.8806333739342266
79	79	0.8806333739342266
79	81	0.8806333739342266
79	83	0.8781973203410475
79	85	0.8781973203410475
79	87	0.8781973203410475
79	89	0.8781973203410475
79	91	0.8775883069427527
79	93	0.8763702801461632
79	95	0.8751522533495737
79	97	0.8739342265529841
79	99	0.8647990255785627
79	101	0.8647990255785627
81	5	0.9866017052375152
81	7	0.976857490864799
81	9	0.9695493300852619
81	11	0.9585870889159561
81	13	0.9567600487210719
81	15	0.9549330085261876
81	17	0.9524969549330086
81	19	0.9433617539585871
81	21	0.940925700365408
81	23	0.9378806333739342
81	25	0.9348355663824605
81	27	0.9342265529841657
81	29	0.9330085261875761
81	31	0.9287454323995128
81	33	0.9287454323995128
81	35	0.9275274056029232
81	37	0.9244823386114495
81	39	0.9214372716199757
81	41	0.9208282582216809
81	43	0.9196102314250914
81	45	0.9196102314250914
81	47	0.9171741778319124
81	49	0.915347137637028
81	51	0.9104750304506699
81	53	0.9043848964677222
81	55	0.9019488428745432
81	57	0.8989037758830695
81	59	0.8976857490864799
81	61	0.8946406820950061
81	63	0.8842874543239951
81	65	0.8842874543239951
81	67	0.8836784409257004
81	69	0.8836784409257004
81	71	0.8836784409257004
81	73	0.8836784409257004
81	75	0.8836784409257004
81	77	0.8806333739342266
81	79	0.8806333739342266
81	81	0.8806333739342266
81	83	0.8781973203410475
81	85	0.8781973203410475
81	87	0.8781973203410475
81	89	0.8781973203410475
81	91	0.8775883069427527
81	93	0.8763702801461632
81	95	0.8751522533495737
81	97	0.8739342265529841
81	99	0.8647990255785627
81	101	0.8647990255785627
83	5	0.9866017052375152
83	7	0.976857490864799
83	9	0.9695493300852619
83	11	0.9585870889159561
83	13	0.9567600487210719
83	15	0.9549330085261876
83	17	0.9524969549330086
83	19	0.9433617539585871
83	21	0.940925700365408
83	23	0.9378806333739342
83	25	0.9348355663824605
83	27	0.9342265529841657
83	29	0.9330085261875761
83	31	0.9287454323995128
83	33	0.9287454323995128
83	35	0.9275274056029232
83	37	0.9244823386114495
83	39	0.9214372716199757
83	41	0.9208282582216809
83	43	0.9196102314250914
83	45	0.9196102314250914
83	47	0.9171741778319124
83	49	0.915347137637028
83	51	0.9104750304506699
83	53	0.9043848964677222
83	55	0.9019488428745432
83	57	0.8989037758830695
83	59	0.8976857490864799
83	61	0.8946406820950061
83	63	0.8842874543239951
83	65	0.8842874543239951
83	67	0.8836784409257004
83	69	0.8836784409257004
83	71	0.8836784409257004
83	73	0.8836784409257004
83	75	0.8836784409257004
83	77	0.8806333739342266
83	79	0.8806333739342266
83	81	0.8806333739342266
83	83	0.8781973203410475
83	85	0.8781973203410475
83	87	0.8781973203410475
83	89	0.8781973203410475
83	91	0.8775883069427527
83	93	0.8763702801461632
83	95	0.8751522533495737
83	97	0.8739342265529841
83	99	0.8647990255785627
83	101	0.8647990255785627
85	5	0.9866017052375152
85	7	0.976857490864799
85	9	0.9695493300852619
85	11	0.9585870889159561
85	13	0.9567600487210719
85	15	0.9549330085261876
85	17	0.9524969549330086
85	19	0.9433617539585871
85	21	0.940925700365408
85	23	0.9378806333739342
85	25	0.9348355663824605
85	27	0.9342265529841657
85	29	0.9330085261875761
85	31	0.9287454323995128
85	33	0.9287454323995128
85	35	0.9275274056029232
85	37	0.9244823386114495
85	39	0.9214372716199757
85	41	0.9208282582216809
85	43	0.9196102314250914
85	45	0.9196102314250914
85	47	0.9171741778319124
85	49	0.915347137637028
85	51	0.9104750304506699
85	53	0.9043848964677222
85	55	0.9019488428745432
85	57	0.8989037758830695
85	59	0.8976857490864799
85	61	0.8946406820950061
85	63	0.8842874543239951
85	65	0.8842874543239951
85	67	0.8836784409257004
85	69	0.8836784409257004
85	71	0.8836784409257004
85	73	0.8836784409257004
85	75	0.8836784409257004
85	77	0.8806333739342266
85	79	0.8806333739342266
85	81	0.8806333739342266
85	83	0.8781973203410475
85	85	0.8781973203410475
85	87	0.8781973203410475
85	89	0.8781973203410475
85	91	0.8775883069427527
85	93	0.8763702801461632
85	95	0.8751522533495737
85	97	0.8739342265529841
85	99	0.8647990255785627
85	101	0.8647990255785627
87	5	0.9866017052375152
87	7	0.976857490864799
87	9	0.9695493300852619
87	11	0.9585870889159561
87	13	0.9567600487210719
87	15	0.9549330085261876
87	17	0.9524969549330086
87	19	0.9433617539585871
87	21	0.940925700365408
87	23	0.9378806333739342
87	25	0.9348355663824605
87	27	0.9342265529841657
87	29	0.9330085261875761
87	31	0.9287454323995128
87	33	0.9287454323995128
87	35	0.9275274056029232
87	37	0.9244823386114495
87	39	0.9214372716199757
87	41	0.9208282582216809
87	43	0.9196102314250914
87	45	0.9196102314250914
87	47	0.9171741778319124
87	49	0.915347137637028
87	51	0.9104750304506699
87	53	0.9043848964677222
87	55	0.9019488428745432
87	57	0.8989037758830695
87	59	0.8976857490864799
87	61	0.8946406820950061
87	63	0.8842874543239951
87	65	0.8842874543239951
87	67	0.8836784409257004
87	69	0.8836784409257004
87	71	0.8836784409257004
87	73	0.8836784409257004
87	75	0.8836784409257004
87	77	0.8806333739342266
87	79	0.8806333739342266
87	81	0.8806333739342266
87	83	0.8781973203410475
87	85	0.8781973203410475
87	87	0.8781973203410475
87	89	0.8781973203410475
87	91	0.8775883069427527
87	93	0.8763702801461632
87	95	0.8751522533495737
87	97	0.8739342265529841
87	99	0.8647990255785627
87	101	0.8647990255785627
89	5	0.9866017052375152
89	7	0.976857490864799
89	9	0.9695493300852619
89	11	0.9585870889159561
89	13	0.9567600487210719
89	15	0.9549330085261876
89	17	0.9524969549330086
89	19	0.9433617539585871
89	21	0.940925700365408
89	23	0.9378806333739342
89	25	0.9348355663824605
89	27	0.9342265529841657
89	29	0.9330085261875761
89	31	0.9287454323995128
89	33	0.9287454323995128
89	35	0.9275274056029232
89	37	0.9244823386114495
89	39	0.9214372716199757
89	41	0.9208282582216809
89	43	0.9196102314250914
89	45	0.9196102314250914
89	47	0.9171741778319124
89	49	0.915347137637028
89	51	0.9104750304506699
89	53	0.9043848964677222
89	55	0.9019488428745432
89	57	0.8989037758830695
89	59	0.8976857490864799
89	61	0.8946406820950061
89	63	0.8842874543239951
89	65	0.8842874543239951
89	67	0.8836784409257004
89	69	0.8836784409257004
89	71	0.8836784409257004
89	73	0.8836784409257004
89	75	0.8836784409257004
89	77	0.8806333739342266
89	79	0.8806333739342266
89	81	0.8806333739342266
89	83	0.8781973203410475
89	85	0.8781973203410475
89	87	0.8781973203410475
89	89	0.8781973203410475
89	91	0.8775883069427527
89	93	0.8763702801461632
89	95	0.8751522533495737
89	97	0.8739342265529841
89	99	0.8647990255785627
89	101	0.8647990255785627
91	5	0.9866017052375152
91	7	0.976857490864799
91	9	0.9695493300852619
91	11	0.9585870889159561
91	13	0.9567600487210719
91	15	0.9549330085261876
91	17	0.9524969549330086
91	19	0.9433617539585871
91	21	0.940925700365408
91	23	0.9378806333739342
91	25	0.9348355663824605
91	27	0.9342265529841657
91	29	0.9330085261875761
91	31	0.9287454323995128
91	33	0.9287454323995128
91	35	0.9275274056029232
91	37	0.9244823386114495
91	39	0.9214372716199757
91	41	0.9208282582216809
91	43	0.9196102314250914
91	45	0.9196102314250914
91	47	0.9171741778319124
91	49	0.915347137637028
91	51	0.9104750304506699
91	53	0.9043848964677222
91	55	0.9019488428745432
91	57	0.8989037758830695
91	59	0.8976857490864799
91	61	0.8946406820950061
91	63	0.8842874543239951
91	65	0.8842874543239951
91	67	0.8836784409257004
91	69	0.8836784409257004
91	71	0.8836784409257004
91	73	0.8836784409257004
91	75	0.8836784409257004
91	77	0.8806333739342266
91	79	0.8806333739342266
91	81	0.8806333739342266
91	83	0.8781973203410475
91	85	0.8781973203410475
91	87	0.8781973203410475
91	89	0.8781973203410475
91	91	0.8775883069427527
91	93	0.8763702801461632
91	95	0.8751522533495737
91	97	0.8739342265529841
91	99	0.8647990255785627
91	101	0.8647990255785627
93	5	0.9866017052375152
93	7	0.976857490864799
93	9	0.9695493300852619
93	11	0.9585870889159561
93	13	0.9567600487210719
93	15	0.9549330085261876
93	17	0.9524969549330086
93	19	0.9433617539585871
93	21	0.940925700365408
93	23	0.9378806333739342
93	25	0.9348355663824605
93	27	0.9342265529841657
93	29	0.9330085261875761
93	31	0.9287454323995128
93	33	0.9287454323995128
93	35	0.9275274056029232
93	37	0.9244823386114495
93	39	0.9214372716199757
93	41	0.9208282582216809
93	43	0.9196102314250914
93	45	0.9196102314250914
93	47	0.9171741778319124
93	49	0.915347137637028
93	51	0.9104750304506699
93	53	0.9043848964677222
93	55	0.9019488428745432
93	57	0.8989037758830695
93	59	0.8976857490864799
93	61	0.8946406820950061
93	63	0.8842874543239951
93	65	0.8842874543239951
93	67	0.8836784409257004
93	69	0.8836784409257004
93	71	0.8836784409257004
93	73	0.8836784409257004
93	75	0.8836784409257004
93	77	0.8806333739342266
93	79	0.8806333739342266
93	81	0.8806333739342266
93	83	0.8781973203410475
93	85	0.8781973203410475
93	87	0.8781973203410475
93	89	0.8781973203410475
93	91	0.8775883069427527
93	93	0.8763702801461632
93	95	0.8751522533495737
93	97	0.8739342265529841
93	99	0.8647990255785627
93	101	0.8647990255785627
95	5	0.9866017052375152
95	7	0.976857490864799
95	9	0.9695493300852619
95	11	0.9585870889159561
95	13	0.9567600487210719
95	15	0.9549330085261876
95	17	0.9524969549330086
95	19	0.9433617539585871
95	21	0.940925700365408
95	23	0.9378806333739342
95	25	0.9348355663824605
95	27	0.9342265529841657
95	29	0.9330085261875761
95	31	0.9287454323995128
95	33	0.9287454323995128
95	35	0.9275274056029232
95	37	0.9244823386114495
95	39	0.9214372716199757
95	41	0.9208282582216809
95	43	0.9196102314250914
95	45	0.9196102314250914
95	47	0.9171741778319124
95	49	0.915347137637028
95	51	0.9104750304506699
95	53	0.9043848964677222
95	55	0.9019488428745432
95	57	0.8989037758830695
95	59	0.8976857490864799
95	61	0.8946406820950061
95	63	0.8842874543239951
95	65	0.8842874543239951
95	67	0.8836784409257004
95	69	0.8836784409257004
95	71	0.8836784409257004
95	73	0.8836784409257004
95	75	0.8836784409257004
95	77	0.8806333739342266
95	79	0.8806333739342266
95	81	0.8806333739342266
95	83	0.8781973203410475
95	85	0.8781973203410475
95	87	0.8781973203410475
95	89	0.8781973203410475
95	91	0.8775883069427527
95	93	0.8763702801461632
95	95	0.8751522533495737
95	97	0.8739342265529841
95	99	0.8647990255785627
95	101	0.8647990255785627
97	5	0.9866017052375152
97	7	0.976857490864799
97	9	0.9695493300852619
97	11	0.9585870889159561
97	13	0.9567600487210719
97	15	0.9549330085261876
97	17	0.9524969549330086
97	19	0.9433617539585871
97	21	0.940925700365408
97	23	0.9378806333739342
97	25	0.9348355663824605
97	27	0.9342265529841657
97	29	0.9330085261875761
97	31	0.9287454323995128
97	33	0.9287454323995128
97	35	0.9275274056029232
97	37	0.9244823386114495
97	39	0.9214372716199757
97	41	0.9208282582216809
97	43	0.9196102314250914
97	45	0.9196102314250914
97	47	0.9171741778319124
97	49	0.915347137637028
97	51	0.9104750304506699
97	53	0.9043848964677222
97	55	0.9019488428745432
97	57	0.8989037758830695
97	59	0.8976857490864799
97	61	0.8946406820950061
97	63	0.8842874543239951
97	65	0.8842874543239951
97	67	0.8836784409257004
97	69	0.8836784409257004
97	71	0.8836784409257004
97	73	0.8836784409257004
97	75	0.8836784409257004
97	77	0.8806333739342266
97	79	0.8806333739342266
97	81	0.8806333739342266
97	83	0.8781973203410475
97	85	0.8781973203410475
97	87	0.8781973203410475
97	89	0.8781973203410475
97	91	0.8775883069427527
97	93	0.8763702801461632
97	95	0.8751522533495737
97	97	0.8739342265529841
97	99	0.8647990255785627
97	101	0.8647990255785627
99	5	0.9866017052375152
99	7	0.976857490864799
99	9	0.9695493300852619
99	11	0.9585870889159561
99	13	0.9567600487210719
99	15	0.9549330085261876
99	17	0.9524969549330086
99	19	0.9433617539585871
99	21	0.940925700365408
99	23	0.9378806333739342
99	25	0.9348355663824605
99	27	0.9342265529841657
99	29	0.9330085261875761
99	31	0.9287454323995128
99	33	0.9287454323995128
99	35	0.9275274056029232
99	37	0.9244823386114495
99	39	0.9214372716199757
99	41	0.9208282582216809
99	43	0.9196102314250914
99	45	0.9196102314250914
99	47	0.9171741778319124
99	49	0.915347137637028
99	51	0.9104750304506699
99	53	0.9043848964677222
99	55	0.9019488428745432
99	57	0.8989037758830695
99	59	0.8976857490864799
99	61	0.8946406820950061
99	63	0.8842874543239951
99	65	0.8842874543239951
99	67	0.8836784409257004
99	69	0.8836784409257004
99	71	0.8836784409257004
99	73	0.8836784409257004
99	75	0.8836784409257004
99	77	0.8806333739342266
99	79	0.8806333739342266
99	81	0.8806333739342266
99	83	0.8781973203410475
99	85	0.8781973203410475
99	87	0.8781973203410475
99	89	0.8781973203410475
99	91	0.8775883069427527
99	93	0.8763702801461632
99	95	0.8751522533495737
99	97	0.8739342265529841
99	99	0.8647990255785627
99	101	0.8647990255785627
101	5	0.9866017052375152
101	7	0.976857490864799
101	9	0.9695493300852619
101	11	0.9585870889159561
101	13	0.9567600487210719
101	15	0.9549330085261876
101	17	0.9524969549330086
101	19	0.9433617539585871
101	21	0.940925700365408
101	23	0.9378806333739342
101	25	0.9348355663824605
101	27	0.9342265529841657
101	29	0.9330085261875761
101	31	0.9287454323995128
101	33	0.9287454323995128
101	35	0.9275274056029232
101	37	0.9244823386114495
101	39	0.9214372716199757
101	41	0.9208282582216809
101	43	0.9196102314250914
101	45	0.9196102314250914
101	47	0.9171741778319124
101	49	0.915347137637028
101	51	0.9104750304506699
101	53	0.9043848964677222
101	55	0.9019488428745432
101	57	0.8989037758830695
101	59	0.8976857490864799
101	61	0.8946406820950061
101	63	0.8842874543239951
101	65	0.8842874543239951
101	67	0.8836784409257004
101	69	0.8836784409257004
101	71	0.8836784409257004
101	73	0.8836784409257004
101	75	0.8836784409257004
101	77	0.8806333739342266
101	79	0.8806333739342266
101	81	0.8806333739342266
101	83	0.8781973203410475
101	85	0.8781973203410475
101	87	0.8781973203410475
101	89	0.8781973203410475
101	91	0.8775883069427527
101	93	0.8763702801461632
101	95	0.8751522533495737
101	97	0.8739342265529841
101	99	0.8647990255785627
101	101	0.8647990255785627
