Depth	AC	CNL	DEN	GR	PE	RLLD	LIMSTONE	RES_ZY
3408.4	188.659	16.655	2.913	112.525	3.583	58.791	5	0
3408.5	191.437	17.627	2.927	102.189	3.861	17.133	5	0
3408.6	186.231	16.629	2.931	70.14	4.289	25.993	5	0
3408.7	175.798	13.925	2.918	46.513	4.469	60.982	5	0
3408.8	170.746	12.528	2.911	36.669	4.504	81.065	5	0
3408.9	160.994	9.654	2.895	20.916	4.466	126.248	5	0
3409	156.05	8.06	2.882	13.453	4.263	167.332	1	0
3409.1	153.738	7.004	2.872	8.402	3.85	209.237	4	0
3409.2	154.427	7.012	2.864	7.421	3.601	210.33	4	0
3409.3	154.758	7.069	2.86	7.226	3.503	203.762	4	0
3409.4	155.388	7.285	2.849	7.417	3.36	176.605	4	0
3409.5	155.876	7.64	2.847	8.272	3.385	131.951	4	0
3409.6	156.49	8.206	2.854	9.638	3.51	92.365	4	0
3409.7	156.517	8.467	2.864	10.524	3.63	94.393	4	0
3409.8	156.344	8.538	2.868	10.774	3.683	97.927	4	0
3409.9	155.633	8.564	2.874	10.889	3.775	109.959	4	0
3410	154.322	8.328	2.869	10.001	3.816	123.572	4	0
3410.1	152.012	7.853	2.853	8.614	3.74	125.607	4	0
3410.2	150.561	7.542	2.834	8.381	3.653	104.986	4	0
3410.3	149.961	7.416	2.824	8.255	3.61	95.714	4	0
3410.4	149.01	7.22	2.801	7.984	3.521	79.267	4	0
3410.5	148.603	7.23	2.791	7.72	3.521	76.619	4	0
3410.6	148.94	7.47	2.79	8.368	3.741	94.335	4	0
3410.7	150.258	7.756	2.804	9.239	3.875	148.316	4	0
3410.8	151.081	7.885	2.812	9.617	3.9	181.168	4	0
3410.9	153.047	8.117	2.832	10.259	3.868	258.294	4	0
3411	154.513	8.076	2.852	9.996	3.682	292.25	4	0
3411.1	155.304	7.751	2.868	8.885	3.497	256.952	4	0
3411.2	154.745	7.48	2.874	8.578	3.454	221.103	3	0
3411.3	154.44	7.37	2.877	8.651	3.456	219.585	3	0
3411.4	153.782	7.201	2.882	9.241	3.508	248.969	3	0
3411.5	153.536	7.121	2.884	10.003	3.637	304.702	4	0
3411.6	153.555	7.031	2.885	11.337	3.859	248.939	4	0
3411.7	153.57	6.992	2.883	12.678	3.923	186.162	4	0
3411.8	153.557	6.98	2.88	13.796	3.936	161.211	4	0
3411.9	153.491	6.97	2.872	16.912	3.924	124.149	4	0
3412	154.503	7.254	2.863	26.519	3.847	103.728	5	0
3412.1	159.509	8.526	2.854	54.607	3.764	60.844	5	0
3412.2	166.887	10.347	2.841	79.4	3.846	44.506	5	0
3412.3	171.069	11.383	2.833	90.173	3.912	40.459	5	0
3412.4	180.386	13.7	2.816	108.461	4.091	40.527	2	0
3412.5	187.581	15.514	2.798	114.872	4.263	59.718	2	0
3412.6	192.324	16.808	2.785	108.123	4.4	113.448	2	0
3412.7	189.413	16.393	2.795	93.727	4.369	141.338	2	0
3412.8	186.996	16.012	2.799	86.105	4.319	148.856	2	0
3412.9	180.274	14.907	2.806	70.057	4.152	151.155	2	0
3413	172.879	13.569	2.807	55.135	3.773	147.229	5	0
3413.1	162.777	11.68	2.798	36.371	3.487	175.982	5	0
3413.2	157.52	10.519	2.794	27.198	3.288	221.047	5	0
3413.3	155.388	9.956	2.791	23.28	3.203	240.077	4	0
3413.4	152.115	8.867	2.787	16.784	3.061	271.124	4	6
3413.5	150.862	7.984	2.771	13.602	3.049	274.926	4	6
3413.6	151.538	7.022	2.746	13.093	3.147	268.041	4	6
3413.7	153.711	6.718	2.736	13.279	3.248	276.253	4	6
3413.8	154.811	6.612	2.732	13.04	3.297	282.425	4	6
3413.9	157.032	6.488	2.729	11.909	3.39	298.819	1	6
3414	158.328	6.435	2.73	10.522	3.454	308.298	1	6
3414.1	159.074	6.408	2.742	9.817	3.479	306.824	1	6
3414.2	158.819	6.482	2.751	10.082	3.454	298.86	4	6
3414.3	158.615	6.544	2.753	10.216	3.44	294.636	4	6
3414.4	158.058	6.717	2.751	10.487	3.41	285.732	4	6
3414.5	157.539	6.966	2.746	11.283	3.451	276.88	4	6
3414.6	157.213	7.266	2.747	14.125	3.559	263.246	1	6
3414.7	157.622	7.31	2.755	17.814	3.551	248.426	4	0
3414.8	157.942	7.317	2.76	20.071	3.541	239.073	4	0
3414.9	158.809	7.298	2.775	25.388	3.506	216.576	5	0
3415	159.415	7.495	2.789	32.94	3.518	202.837	5	0
3415.1	159.101	8.087	2.805	40.64	3.598	219.784	5	0
3415.2	157.623	8.512	2.807	39.814	3.621	249.717	5	0
3415.3	156.9	8.628	2.805	38.891	3.628	258.568	5	0
3415.4	155.49	8.669	2.797	36.039	3.632	264.144	5	0
3415.5	155.516	8.247	2.79	35.057	3.674	238.298	5	0
3415.6	157.257	7.717	2.79	36.328	3.693	223.707	5	0
3415.7	158.566	7.719	2.796	37.212	3.623	283.057	5	0
3415.8	158.69	7.749	2.799	36.837	3.601	328.368	5	0
3415.9	157.892	7.868	2.806	34.476	3.581	449.664	5	0
3416	155.082	7.724	2.817	30.78	3.654	778.241	5	0
3416.1	150.025	7.137	2.828	26.469	3.615	1831.616	5	0
3416.2	147.845	6.612	2.824	26.66	3.513	2434.042	5	0
3416.3	147.737	6.44	2.82	27.788	3.459	2456.746	5	0
3416.4	149.459	6.277	2.809	32.075	3.346	1951.777	5	0
3416.5	155.158	7.165	2.798	44.496	3.289	1009.706	5	0
3416.6	166.475	9.332	2.771	71.243	3.324	201.385	5	0
3416.7	173.193	10.561	2.755	83.284	3.414	132.265	5	0
3416.8	175.302	10.931	2.752	85.71	3.471	117.369	5	0
3416.9	177.037	11.186	2.752	83.447	3.609	126.503	2	0
3417	174.732	10.86	2.757	73.168	3.728	136.089	2	0
3417.1	168.881	10.569	2.77	57.671	3.791	235.302	2	0
3417.2	164.272	10.428	2.78	47.434	3.717	386.531	5	0
3417.3	162.009	10.237	2.785	42.383	3.673	446.628	5	0
3417.4	157.577	9.619	2.795	32.437	3.575	535.868	5	0
3417.5	153.97	8.355	2.807	27.313	3.511	464.585	5	0
3417.6	150.865	6.567	2.824	28.914	3.474	303.048	5	0
3417.7	151.328	6.006	2.834	34.082	3.462	232.84	5	0
3417.8	151.971	5.894	2.838	36.629	3.425	206.791	5	0
3417.9	154.069	6.005	2.846	41.641	3.292	172.712	5	0
3418	156.219	6.457	2.845	45.405	3.067	160.927	5	0
3418.1	158.102	7.018	2.842	49.145	2.927	186.367	5	0
3418.2	157.308	7.122	2.844	48.522	2.96	266.873	5	0
3418.3	156.42	7.108	2.841	47.559	2.986	325.576	5	0
3418.4	153.676	6.948	2.83	44.35	3.055	479.146	5	0
3418.5	151.759	6.645	2.796	42.043	3.139	620.313	5	0
3418.6	154.185	6.48	2.706	47.29	3.224	569.5	2	0
3418.7	162.523	7.053	2.664	58.261	3.207	337.199	2	0
3418.8	167.634	7.546	2.649	64.059	3.199	246.403	2	0
3418.9	179.69	8.939	2.634	76.244	3.182	115.345	2	0
3419	189.378	10.699	2.642	86.289	3.236	91.999	2	0
3419.1	197.07	12.851	2.679	98.356	3.361	81.099	2	0
3419.2	195.884	13.683	2.712	103.072	3.443	81.618	2	0
3419.3	194.282	13.967	2.726	104.101	3.489	84.496	2	0
3419.4	189.091	14.27	2.75	103.528	3.589	95.414	2	0
3419.5	182.397	13.776	2.768	99.642	3.649	110.374	5	0
3419.6	173.11	12.473	2.779	94.072	3.62	119.859	5	0
3419.7	170.038	11.642	2.773	94.508	3.473	110.269	5	0
3419.8	169.586	11.377	2.77	95.469	3.401	104.285	5	0
3419.9	170.83	11.147	2.764	98.855	3.26	89.994	5	0
3420	173.027	11.573	2.772	101.996	3.175	95.71	5	0
3420.1	173.17	11.993	2.781	92.281	3.128	295.876	5	0
3420.2	169.5	11.333	2.772	75.155	3.197	524.191	5	0
3420.3	167.73	10.778	2.768	67.653	3.247	580.096	5	0
3420.4	164.328	9.229	2.758	54.782	3.377	576.537	5	0
3420.5	165.318	8.064	2.756	57.4	3.509	369.377	5	0
3420.6	172.029	8.183	2.764	74.889	3.653	157.323	5	0
3420.7	177.227	9.611	2.771	80.886	3.631	225.914	5	0
3420.8	178.434	10.223	2.775	80.055	3.584	299.045	5	0
3420.9	178.093	11.242	2.788	70.829	3.419	521.682	5	0
3421	172.523	10.481	2.805	53.931	3.164	810.334	5	0
3421.1	161.581	8.199	2.821	36.872	2.931	1054.017	5	0
3421.2	155.66	6.647	2.826	34.877	2.881	873.783	5	0
3421.3	153.944	6.051	2.827	35.802	2.88	757.275	5	0
3421.4	152.977	5.218	2.822	41.444	2.925	472.686	5	0
3421.5	155.766	5.335	2.815	51.801	3.028	277.011	5	0
3421.6	161.301	6.283	2.806	62.884	3.141	178.854	5	0
3421.7	163.525	7.161	2.799	61.781	3.26	230.395	5	0
3421.8	163.954	7.481	2.794	60.127	3.356	263.766	5	0
3421.9	163.46	7.882	2.782	54.649	3.617	345.366	5	0
3422	162.404	7.486	2.769	51.305	3.364	368.044	5	0
3422.1	162.422	6.636	2.755	52.283	3.265	317.582	5	0
3422.2	164.444	6.354	2.748	55.493	3.38	264.871	5	0
3422.3	165.562	6.326	2.744	56.652	3.445	251.573	5	0
3422.4	168.005	6.493	2.733	58.08	3.592	250.839	2	0
3422.5	168.602	6.731	2.725	56.161	3.702	359.054	2	0
3422.6	166.224	6.505	2.719	43.915	3.874	763.447	2	0
3422.7	162.736	5.699	2.72	32.37	3.976	1153.366	2	0
3422.8	161.215	5.216	2.721	27.481	4.026	1324.915	2	0
3422.9	158.619	4.093	2.725	19.473	4.124	1620.922	1	0
3423	157.695	3.085	2.728	15.51	4.21	1786.009	1	0
3423.1	157.683	2.013	2.73	13.163	4.224	1773.437	1	0
3423.2	158.267	1.731	2.73	13.728	4.167	1375.541	1	4
3423.3	158.616	1.663	2.727	13.948	4.138	1196.806	1	4
3423.4	159.425	1.671	2.718	14.261	4.076	880.147	1	4
3423.5	160.348	1.845	2.711	14.711	4.023	872.221	1	4
3423.6	161.566	2.088	2.711	16.465	3.968	1204.21	1	4
3423.7	161.966	2.148	2.718	17.848	3.968	1537.238	1	4
3423.8	162.022	2.152	2.722	18.37	3.977	1688.261	1	4
3423.9	161.849	2.108	2.73	19.078	4.011	1958.967	1	4
3424	161.477	2.038	2.738	19.374	4.07	2214.584	1	4
3424.1	161.33	2.018	2.746	20.592	4.191	2493.011	1	0
3424.2	161.92	2.091	2.744	22.266	4.257	2450.896	1	0
3424.3	162.343	2.139	2.742	23.307	4.289	2392.076	1	0
3424.4	163.44	2.259	2.736	25.785	4.347	2200.113	2	0
3424.5	164.768	2.447	2.731	29.295	4.341	1872.673	2	0
3424.6	167.242	2.852	2.721	36.169	4.304	1242.206	2	0
3424.7	169.505	3.241	2.714	41.828	4.332	775.008	2	0
3424.8	170.738	3.453	2.712	44.43	4.338	590.589	2	0
3424.9	173.397	3.912	2.711	49.17	4.333	319.815	2	0
3425	175.771	4.359	2.713	51.632	4.236	251.681	2	0
3425.1	177.884	4.845	2.718	49.843	4.117	268.555	2	0
3425.2	177.331	4.952	2.724	46.836	4.053	281.864	2	0
3425.3	176.69	4.987	2.728	45.427	4.017	284.49	2	0
3425.4	174.691	5.018	2.738	42.802	3.935	281.772	2	0
3425.5	172.904	5.217	2.751	45.242	3.865	216.957	2	0
3425.6	170.731	5.861	2.768	45.934	3.822	168.639	2	0
3425.7	169.09	6.56	2.782	42.016	3.791	224.896	5	0
3425.8	167.922	6.884	2.788	39.015	3.769	271.751	5	0
3425.9	164.908	7.483	2.797	30.973	3.71	402.232	5	0
3426	161.196	7.465	2.797	22.25	3.564	481.191	4	0
3426.1	155.941	6.8	2.791	12.99	3.432	462.937	4	0
3426.2	153.631	6.261	2.786	10.625	3.351	394.197	4	0
3426.3	152.813	6.078	2.784	10.06	3.3	360.934	4	0
3426.4	151.849	5.887	2.785	10.153	3.176	296.753	4	0
3426.5	152.019	5.943	2.793	10.292	3.02	251.142	4	0
3426.6	152.935	5.956	2.811	10.257	2.866	197.827	3	0
3426.7	153.729	5.876	2.817	10.851	2.886	170.738	3	0
3426.8	154.173	5.847	2.817	11.341	2.911	158.672	3	0
3426.9	155.152	5.81	2.808	12.702	2.985	137.519	3	0
3427	156.319	6.124	2.793	13.761	3.07	133.174	4	0
3427.1	157.833	7.061	2.768	14.728	3.187	162.179	4	0
3427.2	158.423	7.839	2.757	14.621	3.286	201.054	4	0
3427.3	158.753	8.153	2.751	14.373	3.329	213.764	4	0
3427.4	159.478	8.633	2.736	13.496	3.4	225.831	4	4
3427.5	160.66	8.69	2.732	12.024	3.4	190.574	1	4
3427.6	162.617	8.733	2.736	10.862	3.675	134.858	1	4
3427.7	163.264	8.971	2.744	10.835	3.797	119.181	1	4
3427.8	163.36	9.113	2.748	11.072	3.826	116.216	1	4
3427.9	163.099	9.447	2.757	12.039	3.819	119.933	1	0
3428	162.17	9.426	2.771	14.637	3.732	130.647	4	0
3428.1	160.495	8.919	2.803	22.309	3.522	136.987	4	0
3428.2	160.053	8.549	2.822	31.653	3.402	131.297	5	0
3428.3	160.332	8.472	2.829	36.964	3.345	127.675	5	0
3428.4	161.873	8.532	2.838	48.82	3.239	118.916	5	0
3428.5	166.18	9.108	2.837	62.351	3.136	100.643	5	0
3428.6	174.732	10.326	2.824	85.572	3.05	80.334	5	0
3428.7	178.634	11.406	2.811	96.126	3.014	84.537	5	0
3428.8	179.386	11.935	2.803	98.388	3.002	89.709	5	0
3428.9	178.52	12.971	2.785	96.946	2.987	106.095	5	0
3429	173.403	13.279	2.774	87.988	3.047	110.277	5	0
3429.1	165.349	12.779	2.756	79.112	3.134	97.153	5	0
3429.2	166.524	12.063	2.725	78.846	3.156	80.762	5	0
3429.3	169.075	11.838	2.706	79.494	3.147	73.953	2	0
3429.4	178.045	11.652	2.663	82.331	3.09	63.109	5	0
3429.5	190.027	12.559	2.648	84.439	2.953	67.666	5	0
3429.6	201.443	14.345	2.667	83.617	2.789	92.602	5	0
3429.7	196.611	14.901	2.701	78.004	2.769	114.89	5	0
3429.8	192.774	14.884	2.721	74.874	2.787	123.027	5	0
3429.9	182.312	14.269	2.763	67.993	2.881	133.319	5	0
3430	173.169	12.89	2.789	64.343	3.07	126.442	5	0
3430.1	165.072	11.192	2.8	62.157	3.125	120.608	5	0
3430.2	162.8	10.865	2.8	60.498	3.08	136.425	5	0
3430.3	161.392	10.72	2.8	58.576	3.066	151.928	5	0
3430.4	158.047	10.468	2.799	52.584	3.053	197.861	5	0
3430.5	153.763	9.612	2.798	41.348	3.135	287.356	5	0
3430.6	148.457	7.913	2.801	26.367	3.27	436.343	5	0
3430.7	147.367	6.867	2.807	19.531	3.295	495.662	4	0
3430.8	147.214	6.47	2.806	16.737	3.286	508.334	4	0
3430.9	147.685	5.928	2.8	12.398	3.226	500.054	4	0
3431	148.92	5.757	2.786	11.371	3.131	451.182	4	0
3431.1	150.829	5.759	2.768	12.777	3.05	365.471	4	0
3431.2	151.622	5.928	2.76	15.341	3.119	304.268	4	0
3431.3	151.953	6.06	2.757	16.615	3.167	274.386	4	0
3431.4	152.483	6.417	2.755	19.14	3.285	216.19	4	0
3431.5	153.253	6.965	2.763	21.176	3.507	194.33	4	0
3431.6	154.926	7.881	2.783	23.163	3.94	200.237	1	0
3431.7	155.998	8.365	2.793	23.273	3.921	222.178	4	0
3431.8	156.321	8.51	2.797	22.89	3.869	236.907	4	0
3431.9	156.544	8.608	2.803	21.262	3.681	273.723	4	0
3432	155.685	8.401	2.809	18.814	3.404	338.979	4	0
3432.1	153.801	7.933	2.81	17.219	3.145	427.145	4	0
3432.2	153.663	7.738	2.799	20.178	3.081	419.81	4	0
3432.3	154.081	7.792	2.793	22.782	3.054	392.809	4	0
3432.4	155.878	8.197	2.778	30.2	3.012	292.839	5	0
3432.5	158.669	9.217	2.771	36.806	3.007	238.626	5	0
3432.6	161.536	10.765	2.764	37.013	3.029	255.605	5	0
3432.7	160.458	10.912	2.76	28.818	3.099	296.925	5	0
3432.8	159.546	10.668	2.758	24.849	3.148	306.176	4	0
3432.9	156.988	9.551	2.753	17.186	3.27	302.087	4	0
3433	154.759	8.203	2.748	15.25	3.396	280.643	4	0
3433.1	153.192	6.811	2.75	15.698	3.641	273.788	1	0
3433.2	153.8	6.578	2.759	16.691	3.808	262.445	1	0
3433.3	154.2	6.547	2.763	17.121	3.877	253.462	1	0
3433.4	155.189	6.652	2.771	17.846	3.988	228.997	1	0
3433.5	156.036	6.761	2.773	20.216	3.949	237.534	1	0
3433.6	156.924	6.75	2.77	26.477	3.8	272.349	2	0
3433.7	157.133	6.611	2.771	31.254	3.597	275.285	5	0
3433.8	157.115	6.568	2.773	33.192	3.492	280.612	5	0
3433.9	156.835	6.536	2.779	36.166	3.277	298.865	5	0
3434	155.691	6.556	2.791	35.052	3.173	403.102	5	0
3434.1	153.04	6.286	2.814	29.08	3.157	648.98	5	0
3434.2	151.524	5.735	2.828	25.268	3.227	779.701	5	0
3434.3	151.075	5.493	2.833	24.554	3.263	782.734	4	0
3434.4	150.79	5.076	2.839	25.483	3.337	665.644	5	0
3434.5	151.365	5.283	2.84	29.689	3.376	526.596	5	0
3434.6	152.021	6.165	2.842	31.904	3.35	571.122	5	0
3434.7	151.673	6.602	2.847	28.74	3.287	729.881	5	0
3434.8	151.5	6.658	2.849	27.484	3.251	761.743	5	0
3434.9	151.158	6.452	2.852	25.619	3.168	731.426	5	0
3435	151.601	6.259	2.853	28.872	3.046	573.316	5	0
3435.1	153.439	6.429	2.849	34.557	2.877	406.448	5	0
3435.2	155.145	6.769	2.84	36.996	2.783	384.495	5	0
3435.3	155.84	6.885	2.836	37.758	2.748	379.371	5	0
3435.4	156.912	7.012	2.829	38.371	2.704	380.713	5	0
3435.5	156.86	6.954	2.827	38.618	2.754	371.436	5	0
3435.6	155.516	6.834	2.825	38.996	2.863	359.875	5	0
3435.7	154.507	6.806	2.821	39.852	2.959	342.858	5	0
3435.8	154.33	6.82	2.818	40.963	3.01	327.267	5	0
3435.9	154.623	6.901	2.813	44.528	3.115	282.172	5	0
3436	156.279	7.242	2.807	50.062	3.181	251.374	5	0
3436.1	159.067	8.268	2.798	55.161	3.288	263.706	5	0
3436.2	159.503	9.272	2.791	50.53	3.307	320.278	5	0
3436.3	159.293	9.678	2.788	46.75	3.302	350.788	5	0
3436.4	158.027	10.3	2.783	36.313	3.265	416.057	5	0
3436.5	155.705	10.202	2.782	26.352	3.252	446.054	5	0
3436.6	152.74	9.324	2.783	18.169	3.329	444.567	4	0
3436.7	153.497	8.461	2.785	17.638	3.431	412.195	4	0
3436.8	154.425	8.074	2.788	17.642	3.476	397.742	4	0
3436.9	157.362	7.389	2.795	18.181	3.555	372.33	4	0
3437	159.926	6.936	2.805	19.052	3.53	371.415	4	0
3437.1	160.265	6.539	2.812	20.85	3.433	363.567	4	0
3437.2	157.625	6.536	2.812	21.022	3.348	344.168	4	0
3437.3	156.383	6.564	2.812	20.69	3.307	337.515	4	0
3437.4	154.06	6.68	2.812	19.203	3.227	330.262	4	0
3437.5	152.159	6.664	2.81	17.154	3.168	475.221	4	0
3437.6	148.942	6.362	2.792	15.116	3.139	1221.169	4	0
3437.7	149.437	6.095	2.764	16.027	3.175	2003.864	4	0
3437.8	151.358	6.128	2.749	17.805	3.201	2059.054	4	0
3437.9	158.497	6.522	2.716	23.969	3.269	1505	1	0
3438	170.669	7.908	2.7	40.569	3.297	785.033	2	0
3438.1	185.215	10.451	2.695	70.638	3.242	129.273	2	0
3438.2	183.146	11.21	2.703	80.204	3.145	144.494	2	0
3438.3	180.572	11.088	2.708	80.549	3.109	170.266	5	0
3438.4	172.393	9.851	2.721	72.469	3.061	257.568	5	0
3438.5	165.26	7.889	2.734	57.757	3.127	331.055	5	0
3438.6	159.422	5.383	2.734	41.207	3.23	841.598	5	0
3438.7	157.991	4.414	2.72	33.954	3.328	1676.903	2	0
3438.8	157.348	4.064	2.714	30.442	3.403	2119.388	2	0
3438.9	156.211	3.633	2.703	23.658	3.603	3051.264	1	0
3439	157.113	3.663	2.706	18.626	3.775	1956.388	1	0
3439.1	161.933	4.452	2.72	13.837	3.742	679.943	1	4
3439.2	165.104	5.525	2.727	12.023	3.667	365.184	1	4
3439.3	165.733	6.042	2.73	11.154	3.629	288.313	1	4
3439.4	165.098	7.033	2.732	9.496	3.55	294.012	1	4
3439.5	161.998	7.643	2.732	8.33	3.41	256.693	1	4
3439.6	159.036	8.18	2.728	7.484	3.278	156.962	4	6
3439.7	160.294	8.331	2.727	7.555	3.251	110.175	4	6
3439.8	160.959	8.363	2.727	7.646	3.245	99.135	4	6
3439.9	162.357	8.34	2.731	7.933	3.251	101.512	4	6
3440	162.404	8.191	2.741	8.471	3.232	132.377	4	6
3440.1	161.64	7.944	2.757	8.834	3.191	159.454	4	6
3440.2	161.557	7.842	2.765	8.81	3.187	153.418	4	6
3440.3	161.553	7.808	2.769	8.713	3.195	148.383	4	6
3440.4	161.619	7.772	2.774	8.352	3.232	134.355	4	6
3440.5	161.138	7.813	2.781	8.234	3.284	125.226	4	6
3440.6	159.561	7.966	2.791	8.934	3.277	119.618	4	6
3440.7	158.19	8.075	2.799	9.609	3.263	122.934	4	6
3440.8	157.572	8.1	2.803	9.878	3.256	127.031	4	6
3440.9	156.469	8.091	2.811	10.282	3.242	140.022	4	6
3441	155.635	7.981	2.815	11.428	3.159	177.574	4	6
3441.1	154.528	7.786	2.815	16.686	3.023	253.741	3	6
3441.2	153.899	7.686	2.803	23.045	2.956	305.967	3	6
3441.3	153.675	7.65	2.797	26.012	2.944	331.763	5	6
3441.4	153.406	7.606	2.788	31.512	2.964	382.606	5	0
3441.5	153.726	7.613	2.782	33.677	3.124	431.333	5	0
3441.6	154.659	7.69	2.774	35.389	3.327	461.991	5	0
3441.7	154.878	7.777	2.763	36.151	3.281	474.789	5	0
3441.8	154.767	7.812	2.76	36.298	3.244	488.821	5	0
3441.9	154.108	7.867	2.757	36.129	3.142	531.896	5	0
3442	153.023	7.819	2.769	35.217	3.135	586.711	5	0
3442.1	152.261	7.584	2.784	34.288	3.296	611.345	5	0
3442.2	153.922	7.341	2.781	35.836	3.435	550.413	5	0
3442.3	155.171	7.233	2.777	37.382	3.521	497.431	5	0
3442.4	158.493	7.042	2.766	41.995	3.725	347.235	2	0
3442.5	162.284	6.903	2.756	45.953	4.05	379.795	2	0
3442.6	166.564	6.618	2.745	43.496	4.253	748.204	2	0
3442.7	166.655	6.193	2.739	34.909	4.243	1005.317	2	0
3442.8	166.247	5.981	2.737	30.883	4.215	995.188	2	0
3442.9	164.533	5.561	2.736	23.379	4.116	700.972	1	0
3443	162.443	5.704	2.735	19.907	3.957	410.417	1	4
3443.1	160.408	6.749	2.721	15.282	3.66	170.249	1	6
3443.2	160.359	7.777	2.704	12.25	3.479	155.316	1	6
3443.3	160.412	8.187	2.696	11.055	3.416	151.577	1	6
3443.4	160.673	8.801	2.685	9.306	3.344	151.486	1	6
3443.5	160.901	9.01	2.686	9.163	3.291	159.682	1	6
3443.6	161.218	9.137	2.728	9.503	3.117	175.231	4	6
3443.7	161.356	9.19	2.739	10.294	3.019	184.679	4	6
3443.8	161.426	9.223	2.745	10.597	2.967	188.143	4	6
3443.9	161.563	9.303	2.755	11.018	2.855	192.565	4	6
3444	162.064	9.439	2.766	10.192	2.792	187.471	4	6
3444.1	163.47	9.751	2.781	9.149	2.735	174.651	3	6
3444.2	164.362	10.006	2.779	8.758	2.717	165.91	3	6
3444.3	164.6	10.117	2.777	8.836	2.705	158.977	3	6
3444.4	164.663	10.308	2.77	9.534	2.675	140.08	3	6
3444.5	163.956	10.404	2.762	10.439	2.605	134.241	3	6
3444.6	162.545	10.408	2.751	11.61	2.541	141.396	3	6
3444.7	161.549	10.217	2.746	11.317	2.594	153.756	4	6
3444.8	161.005	10.057	2.742	11.301	2.638	164.348	4	6
3444.9	159.826	9.61	2.732	11.526	2.76	194.195	4	6
3445	158.482	8.979	2.722	13.798	2.919	249.053	4	6
3445.1	157.209	8.036	2.711	22.433	3.212	295.06	1	0
3445.2	158.822	7.642	2.715	34.354	3.386	242.243	2	0
3445.3	160.114	7.499	2.717	40.612	3.516	220.286	2	0
3445.4	163.649	7.323	2.72	53.684	3.861	185.274	2	0
3445.5	166.721	6.834	2.726	53.576	4.095	1409.892	2	0
3445.6	167.524	5.343	2.738	39	4.313	4584.658	2	0
3445.7	164.067	3.173	2.748	26.824	4.59	5598.368	2	0
3445.8	162.28	2.567	2.752	22.177	4.688	5542.666	1	0
3445.9	158.6	2.304	2.759	15.752	4.799	4320.059	1	0
3446	156.682	2.411	2.757	16.462	4.841	2576.514	0	0
3446.1	156.19	3.051	2.744	22.368	4.915	1061.229	0	0
3446.2	156.822	3.784	2.738	26.975	4.771	680.678	2	0
3446.3	156.97	4.099	2.734	28.299	4.711	563.259	2	0
3446.4	156.935	4.626	2.725	29.005	4.616	472.94	2	0
3446.5	156.15	4.618	2.72	24.088	4.625	846.102	1	0
3446.6	154.776	3.897	2.719	17.731	4.713	2622.896	0	0
3446.7	154.569	3.03	2.719	16.997	4.79	4806.019	0	0
3446.8	154.689	2.622	2.719	17.309	4.827	5658.88	0	0
3446.9	155.37	1.858	2.719	19.274	4.897	6888.83	0	0
3447	156.478	1.371	2.719	20.827	4.919	6270.994	0	0
3447.1	157.905	0.948	2.721	21.668	4.897	5219.77	0	0
3447.2	158.574	0.845	2.729	22.464	4.907	3921.972	0	0
3447.3	158.969	0.83	2.733	23.458	4.911	3211.123	0	0
3447.4	159.876	0.871	2.742	26.62	4.918	1670.492	2	0
3447.5	160.949	1.11	2.751	30.18	4.87	816.098	2	0
3447.6	161.912	1.619	2.768	30.763	4.682	620.923	2	0
3447.7	161.155	1.84	2.773	25.613	4.579	1786.094	2	0
3447.8	160.525	1.844	2.777	22.932	4.537	2861.603	1	0
3447.9	158.772	1.639	2.784	17.375	4.473	5981.269	1	0
3448	156.682	1.19	2.791	14.782	4.412	10492.763	1	0
3448.1	154.129	0.502	2.791	13.487	4.351	14998.261	1	0
3448.2	153.423	0.144	2.783	13.04	4.35	14625.897	1	0
3448.3	153.202	0.001	2.779	12.666	4.354	14070.368	1	0
3448.4	153.023	-0.214	2.773	11.621	4.371	12232.279	1	0
3448.5	153.16	-0.318	2.756	10.759	4.355	12036.351	1	0
3448.6	153.63	-0.382	2.736	10.374	4.268	12683.051	1	0
3448.7	153.854	-0.385	2.731	10.261	4.214	12924.657	1	0
3448.8	153.864	-0.386	2.728	10.149	4.198	12831.771	1	0
3448.9	153.68	-0.39	2.723	9.813	4.184	12224.255	1	0
3449	153.312	-0.369	2.721	10.429	4.155	10541.107	1	0
3449.1	153.115	-0.272	2.723	12.214	4.123	7355.693	1	0
3449.2	153.61	-0.143	2.73	13.266	4.189	5825.8	1	0
3449.3	153.958	-0.071	2.734	13.812	4.233	5275.875	1	0
3449.4	154.851	0.088	2.741	14.94	4.342	4603.542	1	0
3449.5	155.868	0.265	2.749	16.07	4.579	4014.021	1	0
3449.6	156.99	0.524	2.761	16.968	4.905	3860.615	0	0
3449.7	156.789	0.623	2.76	16.49	5.039	5062.855	0	0
3449.8	156.518	0.63	2.759	16.068	5.094	5921.484	0	0
3449.9	155.639	0.556	2.752	14.863	5.18	8143.325	0	0
3450	154.741	0.369	2.751	13.568	5.198	9401.691	0	0
3450.1	154.09	0.116	2.755	12.321	5.184	9204.563	0	0
3450.2	154.293	0.06	2.752	12.579	5.135	8616.458	0	0
3450.3	154.397	0.048	2.749	12.813	5.116	8470.321	0	0
3450.4	154.607	0.056	2.739	13.489	5.089	8471.003	0	0
3450.5	154.612	0.025	2.729	13.276	5.112	8732.959	0	0
3450.6	154.444	-0.069	2.722	12.288	5.131	9063.742	0	0
3450.7	154.366	-0.125	2.731	11.753	5.077	10170.515	0	0
3450.8	154.383	-0.141	2.736	11.57	5.038	10794.646	0	0
3450.9	154.529	-0.15	2.746	11.375	4.937	12179.635	0	0
3451	154.769	-0.126	2.759	10.309	4.893	12433.952	0	0
3451.1	154.754	-0.063	2.782	8.915	4.768	12034.891	1	0
3451.2	154.275	-0.014	2.794	9.177	4.623	11518.169	1	0
3451.3	154.046	0.011	2.798	9.431	4.538	11229.162	1	0
3451.4	153.61	0.06	2.8	10.181	4.346	10592.013	1	0
3451.5	153.329	0.101	2.79	10.79	4.253	9430.784	1	0
3451.6	152.906	0.147	2.767	10.53	4.197	8974.955	1	0
3451.7	152.85	0.18	2.754	10.274	4.247	8972.308	1	0
3451.8	152.947	0.199	2.748	10.222	4.302	8673.55	1	0
3451.9	153.385	0.244	2.737	10.265	4.467	7489.837	1	0
3452	153.965	0.302	2.728	10.78	4.592	5662.843	1	0
3452.1	154.369	0.407	2.719	11.763	4.76	4039.626	0	0
3452.2	154.276	0.494	2.718	12.424	4.868	4052.923	0	0
3452.3	154.249	0.538	2.718	12.737	4.922	4154.095	0	0
3452.4	154.232	0.628	2.721	13.328	5.028	4542.7	0	0
3452.5	154.102	0.717	2.726	13.558	5.127	5017.759	0	0
3452.6	153.566	0.859	2.736	14.563	5.147	5091.046	0	0
3452.7	153.321	0.974	2.746	15.664	5.141	4667.963	0	0
3452.8	153.297	1.036	2.75	15.955	5.124	4476.469	0	0
3452.9	153.447	1.17	2.759	16.023	5.066	4134.019	0	0
3453	153.62	1.3	2.764	14.697	4.813	4357.296	1	0
3453.1	153.49	1.47	2.766	13.434	4.566	4672.376	1	0
3453.2	153.243	1.56	2.763	14.134	4.506	4688.28	1	0
3453.3	153.142	1.6	2.761	14.601	4.491	4720.813	1	0
3453.4	152.98	1.671	2.758	15.765	4.492	4834.29	1	0
3453.5	152.552	1.702	2.761	15.404	4.52	5598.459	1	0
3453.6	151.25	1.645	2.768	13.145	4.576	6937.199	1	0
3453.7	150.395	1.479	2.765	11.916	4.561	6803.484	1	0
3453.8	150.237	1.373	2.76	11.651	4.519	6377.17	1	0
3453.9	150.456	1.116	2.744	11.816	4.368	4816.425	1	0
3454	151.727	0.866	2.728	12.35	4.27	3675.692	1	0
3454.1	153.696	0.565	2.698	12.502	4.4	3141.448	1	0
3454.2	153.942	0.441	2.695	11.928	4.579	3414.199	1	0
3454.3	153.908	0.39	2.696	11.507	4.654	3659.352	0	0
3454.4	153.533	0.308	2.705	10.4	4.772	4363.38	0	0
3454.5	153.384	0.229	2.718	9.634	4.734	4298.526	0	0
3454.6	153.879	0.12	2.737	9.188	4.49	3985.916	1	0
3454.7	154.487	0.068	2.747	9.044	4.332	3875.522	1	0
3454.8	154.721	0.044	2.75	8.873	4.263	3889.518	1	0
3454.9	155.052	-0.002	2.756	8.335	4.143	4054.151	1	0
3455	155.153	-0.039	2.762	7.759	4.019	4136.995	1	0
3455.1	155.265	-0.042	2.777	7.832	3.958	3984.34	1	0
3455.2	155.21	0.062	2.788	8.211	3.993	4078.41	1	0
3455.3	155.08	0.154	2.793	8.352	3.992	4022.226	1	0
3455.4	154.616	0.419	2.802	8.536	3.956	3706.194	4	0
3455.5	153.686	0.834	2.81	9.065	3.893	2561.409	4	0
3455.6	152.164	1.602	2.82	11.444	3.854	1181.924	4	0
3455.7	151.673	2.143	2.826	12.919	3.819	897.667	4	0
3455.8	151.579	2.364	2.825	13.228	3.795	842.785	4	0
3455.9	151.689	2.707	2.817	12.999	3.738	905.664	4	0
3456	151.984	2.819	2.806	11.918	3.668	935.08	4	0
3456.1	151.984	2.802	2.804	10.628	3.593	899.284	4	0
3456.2	151.367	2.744	2.794	10.045	3.626	895.372	4	0
3456.3	151.061	2.716	2.788	10.009	3.658	928.267	4	0
3456.4	150.457	2.662	2.776	10.443	3.75	1062.75	4	0
3456.5	150.422	2.562	2.767	10.816	3.891	1418.961	1	0
3456.6	151.266	2.322	2.766	10.781	4.092	2207.296	1	0
3456.7	152.17	2.101	2.773	10.864	4.173	2897.551	1	0
3456.8	152.506	1.99	2.775	10.907	4.174	3206.655	1	0
3456.9	152.95	1.769	2.774	10.996	4.098	3752.179	1	0
3457	152.878	1.58	2.77	11.02	3.986	3482.565	1	0
3457.1	152.602	1.372	2.761	12.094	3.816	2817.492	1	0
3457.2	152.714	1.299	2.748	13.385	3.777	2610.818	1	0
3457.3	152.886	1.26	2.741	13.856	3.783	2524.614	1	0
3457.4	153.461	1.176	2.726	14.449	3.846	2386.481	1	0
3457.5	154.464	1.011	2.713	14.009	3.97	2589.051	1	0
3457.6	156.018	0.653	2.697	12.299	4.147	4314.19	1	0
3457.7	156.378	0.361	2.691	10.834	4.298	6151.701	1	0
3457.8	156.391	0.232	2.689	10.201	4.36	6644.857	1	0
3457.9	156.088	0.004	2.69	9.133	4.455	6787.887	1	0
3458	155.6	-0.097	2.694	9.238	4.514	6003.863	1	0
3458.1	155.122	-0.082	2.704	9.127	4.62	5630.526	1	0
3458.2	155.09	0.037	2.727	8.736	4.669	5800.197	1	0
3458.3	155.11	0.108	2.738	8.472	4.683	5759.059	1	0
3458.4	155.219	0.277	2.762	7.811	4.69	5428.093	1	0
3458.5	155.442	0.476	2.778	7.672	4.645	4628.116	1	0
3458.6	155.713	0.782	2.796	8.736	4.45	3640.75	1	0
3458.7	155.605	0.956	2.805	9.884	4.187	3365.182	1	0
3458.8	155.428	1.032	2.809	10.34	4.057	3324.515	1	0
3458.9	154.832	1.162	2.814	11.018	3.802	3435.258	4	0
3459	153.583	1.266	2.809	10.575	3.651	3466.04	4	0
3459.1	149.73	1.415	2.795	9.671	3.559	3021.98	4	0
3459.2	149.107	1.553	2.786	9.726	3.593	2608.821	4	0
3459.3	148.976	1.638	2.785	9.898	3.622	2449.109	4	0
3459.4	149.071	1.838	2.787	10.527	3.704	2223.066	4	0
3459.5	149.521	2.044	2.807	10.839	3.785	2184.42	4	0
3459.6	150.316	2.304	2.83	10.993	3.902	2189.616	4	0
3459.7	150.847	2.409	2.832	10.76	3.951	2151.785	4	0
3459.8	151.104	2.436	2.832	10.592	3.955	2119.808	4	0
3459.9	151.604	2.441	2.83	10.154	3.925	2030.203	4	0
3460	152.011	2.393	2.827	9.722	3.926	1967.031	4	0
3460.1	152.286	2.303	2.825	10.398	4.01	1908.988	4	0
3460.2	151.995	2.232	2.824	11.74	4.092	1877.895	1	0
3460.3	151.8	2.183	2.824	12.126	4.14	1862.244	1	0
3460.4	151.313	2.061	2.822	12.335	4.249	1830.812	1	0
3460.5	150.912	1.885	2.817	11.55	4.394	1875.632	1	0
3460.6	150.77	1.591	2.804	10.232	4.361	2340.834	1	0
3460.7	151.332	1.392	2.795	9.735	4.077	2990.796	1	0
3460.8	151.676	1.296	2.79	9.604	3.969	3296.527	1	0
3460.9	152.485	1.111	2.781	9.573	3.819	3868.464	4	0
3461	153.043	0.964	2.772	9.533	3.726	3458.6	4	0
3461.1	153.241	0.854	2.767	9.289	3.641	2737.891	4	0
3461.2	153.052	0.862	2.769	9.074	3.636	2517.598	4	0
3461.3	153.012	0.865	2.771	8.902	3.65	2507.385	4	0
3461.4	153.041	0.869	2.776	8.43	3.709	2684.451	4	0
3461.5	153.37	0.849	2.784	8.138	3.793	3215.004	4	0
3461.6	154.064	0.848	2.799	8.452	3.907	3830.375	4	0
3461.7	154.368	0.908	2.801	8.523	3.984	3882.951	1	0
3461.8	154.405	0.955	2.802	8.511	4.018	3901.035	1	0
3461.9	154.253	1.082	2.801	8.391	4.077	3920.908	1	0
3462	153.725	1.219	2.798	7.721	4.072	3990.986	1	0
3462.1	153.048	1.352	2.782	6.391	4.022	3927.237	1	0
3462.2	153.273	1.349	2.768	6.404	3.998	3548.619	1	0
3462.3	153.507	1.334	2.762	6.626	3.988	3237.92	1	0
3462.4	154.213	1.277	2.751	7.497	3.97	2378.198	1	0
3462.5	154.874	1.217	2.745	8.114	3.992	2986.96	1	0
3462.6	155.102	1.142	2.745	7.978	4.078	5217.714	1	0
3462.7	154.213	1.109	2.754	7.682	4.163	5550.27	1	0
3462.8	153.675	1.104	2.759	7.66	4.192	5350.012	1	0
3462.9	152.416	1.117	2.771	7.866	4.225	4226.289	1	0
3463	151.375	1.198	2.784	7.89	4.14	3062.166	1	0
3463.1	150.532	1.4	2.789	7.392	3.948	2357.26	1	0
3463.2	150.641	1.566	2.777	7.012	3.791	2262.096	4	0
3463.3	150.718	1.635	2.773	6.907	3.734	2220.729	4	0
3463.4	150.915	1.743	2.767	6.862	3.661	2150.471	4	0
3463.5	150.93	1.782	2.773	7.397	3.709	2056.85	4	0
3463.6	150.873	1.763	2.785	7.992	3.773	1884.35	4	0
3463.7	151.314	1.69	2.797	7.812	3.714	1870.999	4	0
3463.8	151.672	1.653	2.803	7.626	3.673	1864.601	4	0
3463.9	152.662	1.578	2.811	7.063	3.573	1852.387	4	0
3464	153.707	1.589	2.819	6.902	3.45	1633.968	4	0
3464.1	154.638	1.78	2.833	7.336	3.281	1296.728	4	0
3464.2	154.594	2.028	2.839	8.104	3.208	1100.324	3	0
3464.3	154.569	2.149	2.84	8.603	3.188	1010.742	3	0
3464.4	154.514	2.385	2.835	9.824	3.181	849.048	3	0
3464.5	154.659	2.55	2.822	10.308	3.254	782.775	4	0
3464.6	154.879	2.721	2.799	10.129	3.371	739.119	4	0
3464.7	154.754	2.801	2.77	9.637	3.451	658.909	4	0
3464.8	154.691	2.851	2.76	9.391	3.496	607.419	4	0
3464.9	154.567	2.97	2.75	8.899	3.594	482.195	1	0
3465	154.827	3.157	2.748	8.887	3.696	375.134	1	0
3465.1	155.723	3.504	2.749	9.261	3.869	268.963	1	0
3465.2	156.246	3.761	2.757	9.602	3.996	239.906	1	0
3465.3	156.369	3.876	2.763	9.791	4.051	233.341	1	0
3465.4	156.338	4.076	2.778	10.203	4.139	235.975	1	0
3465.5	155.884	4.152	2.793	10.574	4.141	259.375	1	0
3465.6	155.022	4.067	2.808	10.711	4.068	299.899	1	0
3465.7	154.182	3.859	2.808	10.694	4.013	337.778	1	0
3465.8	153.663	3.742	2.806	10.804	3.988	364.026	4	0
3465.9	152.433	3.482	2.802	11.258	3.946	430.834	4	0
3466	151.098	3.227	2.797	12.192	3.98	567.783	1	0
3466.1	149.687	2.875	2.797	12.162	4.082	870.469	1	0
3466.2	149.605	2.669	2.805	11.691	4.165	1135.728	1	0
3466.3	149.653	2.572	2.809	11.476	4.21	1258.574	1	0
3466.4	149.923	2.388	2.817	11.091	4.307	1484.339	1	0
3466.5	150.401	2.233	2.819	11.083	4.37	1529.344	1	0
3466.6	151.436	2.04	2.81	12.106	4.383	1538.529	1	0
3466.7	152.294	1.91	2.795	13.091	4.331	1666.203	1	0
3466.8	152.691	1.838	2.788	13.323	4.319	1763.745	1	0
3466.9	153.423	1.677	2.776	13.272	4.321	2024.944	1	0
3467	154.028	1.514	2.761	12.859	4.438	2196.919	1	0
3467.1	154.748	1.327	2.755	12.586	4.626	2266.037	1	0
3467.2	154.634	1.298	2.765	12.651	4.743	2295.373	1	0
3467.3	154.423	1.307	2.768	12.673	4.763	2359.355	1	0
3467.4	153.701	1.373	2.773	12.697	4.727	2584.44	1	0
3467.5	152.699	1.475	2.773	13.124	4.502	2960.165	1	0
3467.6	151.251	1.634	2.769	14.072	4.2	3142.646	1	0
3467.7	150.576	1.727	2.766	15.048	4.08	2784.537	1	0
3467.8	150.414	1.765	2.765	15.403	4.025	2590.448	1	0
3467.9	150.435	1.821	2.766	15.849	3.926	2173.511	1	0
3468	151.548	1.821	2.77	15.321	3.885	2040.928	1	0
3468.1	154.066	1.704	2.773	14.882	3.887	2218.294	1	0
3468.2	155.192	1.517	2.778	15.228	3.932	2674.469	1	0
3468.3	155.435	1.424	2.78	15.316	3.964	2956.864	1	0
3468.4	155.287	1.235	2.787	15.325	4.047	3627.577	1	0
3468.5	154.297	1.114	2.788	14.354	4.113	3957.272	1	0
3468.6	152.743	0.969	2.767	13.835	4.226	4591.966	1	0
3468.7	152.33	0.851	2.758	14.807	4.31	5300.277	1	0
3468.8	152.331	0.793	2.754	15.448	4.362	5445.577	1	0
3468.9	152.741	0.678	2.747	17.037	4.484	5322.821	1	0
3469	153.931	0.628	2.741	18.026	4.667	3988.97	1	0
3469.1	156.254	0.628	2.727	18.511	4.848	3292.634	0	0
3469.2	157.558	0.635	2.721	17.436	4.981	4371.221	0	0
3469.3	157.992	0.619	2.72	16.589	5.042	4913.777	0	0
3469.4	158.429	0.548	2.725	14.289	5.155	6002.686	0	0
3469.5	158.003	0.428	2.731	12.855	5.149	6332.595	0	0
3469.6	157.015	0.261	2.743	12.413	4.963	6037.772	0	0
3469.7	156.967	0.194	2.75	13.293	4.783	5271.367	1	0
3469.8	157.107	0.173	2.753	13.623	4.707	4978.949	1	0
3469.9	157.712	0.154	2.756	14.064	4.581	4574.909	1	0
3470	158.307	0.147	2.753	13.73	4.495	4848.898	1	0
3470.1	158.425	0.111	2.748	12.338	4.537	4737.153	1	0
3470.2	157.663	0.03	2.746	11.826	4.646	4396.038	1	0
3470.3	157.225	-0.022	2.744	11.627	4.694	4568.459	1	0
3470.4	156.238	-0.145	2.737	11.342	4.779	5590.101	0	0
3470.5	155.437	-0.243	2.723	10.858	4.724	7820.283	0	0
3470.6	155.019	-0.324	2.701	9.897	4.741	9979.549	0	0
3470.7	155.707	-0.335	2.702	9.227	4.844	11060.94	0	0
3470.8	156.068	-0.339	2.703	9.013	4.904	11376.823	0	0
3470.9	156.824	-0.346	2.709	8.826	5.041	11562.871	0	0
3471	156.938	-0.357	2.719	9.678	5.115	10243.166	0	0
3471.1	156.389	-0.359	2.735	11.288	5.149	8235.263	0	0
3471.2	156.288	-0.322	2.745	12.119	5.139	6324.267	0	0
3471.3	156.415	-0.286	2.749	12.619	5.14	5330.609	0	0
3471.4	157.016	-0.18	2.754	13.785	5.154	3272.746	0	0
3471.5	157.689	-0.023	2.754	14.607	5.185	2341.006	0	0
3471.6	157.848	0.213	2.755	13.984	5.247	1985.218	0	0
3471.7	157.189	0.328	2.756	13.072	5.239	2087.219	0	0
3471.8	156.915	0.361	2.756	12.828	5.221	2207.059	0	0
3471.9	156.478	0.382	2.754	12.759	5.159	2582.162	0	0
3472	156.494	0.32	2.744	12.08	5.035	3095.364	0	0
3472.1	156.465	0.167	2.72	10.466	4.889	3268.886	0	0
3472.2	155.878	0.053	2.71	9.604	4.823	3350.767	0	0
3472.3	155.598	-0.005	2.709	9.323	4.786	3482.094	0	0
3472.4	155.067	-0.124	2.717	9.06	4.706	3922.687	1	0
3472.5	155.206	-0.253	2.727	8.361	4.601	4215.389	1	0
3472.6	155.872	-0.438	2.733	7.579	4.526	4549.086	1	0
3472.7	155.725	-0.536	2.73	7.859	4.537	4775.805	1	0
3472.8	155.536	-0.578	2.729	8.041	4.559	4851.339	1	0
3472.9	154.928	-0.649	2.723	8.485	4.632	4927.305	1	0
3473	154.784	-0.699	2.721	8.891	4.794	4829.465	0	0
3473.1	155.625	-0.72	2.726	9.069	5.005	4858.903	0	0
3473.2	156.507	-0.661	2.733	8.604	5.033	5061.931	0	0
3473.3	156.827	-0.626	2.735	8.373	5.035	5152.76	0	0
3473.4	157.224	-0.543	2.733	7.917	5.017	5312.868	0	0
3473.5	157.288	-0.482	2.728	7.986	4.947	5156.099	0	4
3473.6	157.516	-0.377	2.725	8.078	4.758	6300.926	0	4
3473.7	158.21	-0.225	2.724	9.18	4.669	8345.994	1	4
3473.8	158.732	-0.102	2.723	10.392	4.648	9138.81	1	4
3473.9	160.119	0.236	2.719	14.118	4.652	10266.708	1	4
3474	162.243	0.862	2.713	20.72	4.602	5491.46	1	0
3474.1	165.509	2.294	2.709	28.582	4.402	1161.655	2	0
3474.2	165.804	3.582	2.707	27.733	4.197	441.197	2	0
3474.3	165.34	4.156	2.705	26.71	4.085	274.84	2	0
3474.4	163.208	5.162	2.702	23.483	3.845	325.984	1	0
3474.5	160.911	5.635	2.692	26.157	3.588	287.424	2	0
3474.6	163.141	6.152	2.674	44.709	3.252	170.122	2	0
3474.7	174.703	7.037	2.67	71.374	3.142	94.504	2	0
3474.8	181.538	7.781	2.672	85.092	3.118	67.117	2	0
3474.9	197.258	9.861	2.685	113.225	3.129	33.067	2	0
3475	208.267	12.324	2.699	118.197	3.237	81.201	2	0
3475.1	209.764	14.576	2.722	94.571	3.398	347.327	2	0
3475.2	196.891	13.662	2.755	68.622	3.475	641.89	5	0
3475.3	190.374	12.841	2.767	59.07	3.472	688.664	5	0
3475.4	177.215	10.483	2.782	46.772	3.386	583.407	5	0
3475.5	170.546	8.879	2.783	50.542	3.461	362.32	5	0
3475.6	168.256	8.405	2.775	55.198	3.585	168.527	5	0
3475.7	168.082	9.217	2.766	49.41	3.624	203.506	5	0
3475.8	167.179	9.482	2.761	45.269	3.64	220.733	5	0
3475.9	163.763	9.733	2.754	34.544	3.667	254.585	2	0
3476	158.741	9.022	2.751	27.911	3.644	276.383	2	0
3476.1	153.239	7.448	2.749	24.382	3.552	343.855	1	0
3476.2	153.214	6.532	2.75	26.597	3.507	368.327	5	0
3476.3	153.559	6.227	2.753	28.351	3.492	366.649	5	0
3476.4	154.955	5.922	2.76	33.13	3.479	335.81	5	0
3476.5	156.194	6.111	2.777	36.701	3.474	327.701	5	0
3476.6	157.289	6.664	2.805	37.145	3.392	331.801	5	0
3476.7	157.715	6.957	2.821	35.584	3.339	303.589	5	0
3476.8	158.025	7.052	2.827	35.332	3.312	293.68	5	0
3476.9	158.838	7.136	2.833	35.872	3.254	282.199	5	0
3477	160.639	7.263	2.832	41.622	3.234	294.132	5	0
3477.1	165.051	7.949	2.825	58.734	3.227	198.002	5	0
3477.2	168.517	9.107	2.815	74.002	3.227	147.414	5	0
3477.3	169.674	9.711	2.811	78.543	3.228	151.839	5	0
3477.4	170.846	10.964	2.805	81.49	3.233	219.387	5	0
3477.5	168.504	11.199	2.802	64.26	3.269	367.634	5	0
3477.6	162.062	10.075	2.795	38.423	3.345	446.917	5	0
3477.7	157.773	8.777	2.786	28.993	3.392	451.691	5	0
3477.8	156.079	8.212	2.781	25.397	3.412	482.599	5	0
3477.9	153.591	7.25	2.772	20.432	3.445	600.614	4	0
3478	152.902	6.325	2.76	18.315	3.457	821.803	4	0
3478.1	153.925	4.727	2.74	19.36	3.512	1040.663	1	0
3478.2	156.243	3.67	2.731	22.543	3.609	1023.472	1	0
3478.3	157.442	3.26	2.728	24.089	3.695	996.975	1	0
3478.4	159.914	2.676	2.726	27.084	3.94	908.741	2	0
3478.5	161.996	2.618	2.726	30.911	4.085	806.34	2	0
3478.6	164.95	3.08	2.731	39.846	4.095	494.613	2	0
3478.7	167.005	3.794	2.738	48.299	4.048	303.117	2	0
3478.8	167.846	4.207	2.742	51.588	4.033	246.226	2	0
3478.9	169.156	5.144	2.748	56.3	4.019	209.495	2	0
3479	168.877	5.877	2.753	50.85	3.97	332.079	2	0
3479.1	166.603	6.128	2.757	36.857	3.868	610.64	2	0
3479.2	164.178	5.371	2.759	27.912	3.839	794.694	2	0
3479.3	163.011	4.89	2.761	24.553	3.823	876.649	1	0
3479.4	160.772	3.728	2.768	20.052	3.79	1020.26	1	0
3479.5	159.223	2.799	2.778	20.61	3.65	789.612	4	0
3479.6	158.544	2.024	2.8	25.002	3.363	627.268	5	0
3479.7	159.875	2.055	2.821	29.166	3.272	699.848	5	0
3479.8	160.548	2.159	2.831	31.158	3.24	692.045	5	0
3479.9	161.908	2.544	2.848	34.955	3.2	589.359	5	0
3480	161.932	3.11	2.857	36.09	3.181	517.932	5	0
3480.1	159.906	4.01	2.859	34.423	3.123	554.882	5	0
3480.2	157.43	4.482	2.847	33.072	3.072	572.6	5	0
3480.3	156.288	4.648	2.84	32.684	3.043	556.691	5	0
3480.4	154.197	4.84	2.826	32.48	2.98	476.015	5	0
3480.5	153.1	4.76	2.808	32.575	2.957	456.988	5	0
3480.6	153.17	4.265	2.788	31.758	3.049	594.286	5	0
3480.7	154.956	3.608	2.773	30.75	3.378	831.906	5	0
3480.8	155.95	3.249	2.766	30.381	3.529	962.3	5	0
3480.9	158.135	2.476	2.751	29.914	3.804	1245.34	2	0
3481	159.809	1.861	2.74	30.713	4.031	1346.138	2	0
3481.1	161.801	1.364	2.727	33.99	4.301	1067.331	2	0
3481.2	164.243	1.527	2.725	37.522	4.433	711.096	2	0
3481.3	165.849	1.724	2.725	39.127	4.47	557.914	2	0
3481.4	169.814	2.345	2.727	42.013	4.483	301.563	2	0
3481.5	173.283	3.059	2.73	42.54	4.389	901.789	2	0
3481.6	174.367	3.684	2.733	37.802	4.295	2476.467	2	0
3481.7	170.203	3.413	2.738	32.271	4.335	2799.121	2	0
3481.8	167.866	3.165	2.74	29.662	4.374	2792.223	2	0
3481.9	162.7	2.449	2.748	24.767	4.488	2446.094	1	0
3482	158.945	1.841	2.757	22.96	4.621	2182.656	1	0
3482.1	155.891	1.389	2.767	23.154	4.709	1884.096	1	0
3482.2	155.964	1.59	2.768	27.274	4.564	1236.562	2	0
3482.3	156.246	1.822	2.768	30.102	4.469	946.703	2	0
3482.4	157.293	2.543	2.768	37.263	4.232	435.39	2	0
3482.5	158.693	3.535	2.766	42.913	3.951	333.031	2	0
3482.6	160.024	4.957	2.768	43.793	3.551	408.557	5	0
3482.7	159.256	5.563	2.781	38.757	3.258	497.634	5	0
3482.8	158.626	5.763	2.789	36.127	3.149	519.172	5	0
3482.9	156.886	5.956	2.81	30.659	3.006	516.699	5	0
3483	154.931	6.003	2.826	25.151	2.971	476.866	5	0
3483.1	152.424	6.021	2.842	17.799	3.098	446.787	3	0
3483.2	151.472	5.945	2.84	14.676	3.21	442.393	3	0
3483.3	151.15	5.881	2.837	13.432	3.239	436.992	4	0
3483.4	150.81	5.7	2.826	11.577	3.244	419.887	4	0
3483.5	150.854	5.486	2.812	10.818	3.083	422.988	4	0
3483.6	150.793	5.166	2.793	11.614	2.974	497.388	4	0
3483.7	150.207	4.97	2.784	14.186	3.024	551.594	4	0
3483.8	149.914	4.905	2.78	15.671	3.064	548.809	4	0
3483.9	149.333	4.84	2.774	19.028	3.17	484.205	4	0
3484	149.592	4.942	2.775	23.886	3.272	389.598	4	0
3484.1	151.394	5.213	2.79	29.347	3.368	301.201	5	0
3484.2	153.192	5.452	2.794	30.52	3.359	269.57	5	0
3484.3	153.941	5.6	2.794	30.848	3.343	256.048	5	0
3484.4	155.138	5.951	2.791	30.991	3.291	233.604	5	0
3484.5	155.558	6.361	2.784	30.126	3.324	266.956	5	0
3484.6	155.333	6.752	2.786	25.584	3.436	364.647	5	0
3484.7	154.183	6.6	2.799	22.101	3.496	407.691	4	0
3484.8	153.467	6.443	2.805	20.932	3.517	415.565	4	0
3484.9	151.763	5.972	2.816	19.733	3.541	404.308	4	0
3485	150.33	5.544	2.824	23.111	3.532	341.214	4	0
3485.1	149.67	5.232	2.829	30.536	3.46	251.674	5	0
3485.2	150.812	5.33	2.826	35.055	3.369	225.36	5	0
3485.3	151.377	5.39	2.824	36.758	3.323	219.002	5	0
3485.4	152.493	5.528	2.818	39.057	3.228	219.749	5	0
3485.5	152.596	5.512	2.814	39.414	3.171	207.773	5	0
3485.6	151.957	5.365	2.809	41.614	3.186	178.701	5	0
3485.7	152.849	5.272	2.808	44.581	3.251	149.175	5	0
3485.8	153.826	5.247	2.808	46.415	3.286	137.64	5	0
3485.9	156.821	5.238	2.808	50.765	3.359	121.006	5	0
3486	160.74	5.244	2.803	55.188	3.379	135.782	5	0
3486.1	166.111	5.169	2.787	62.714	3.38	149.688	5	0
3486.2	169.666	5.042	2.783	70.554	3.344	125.192	5	0
3486.3	171.583	4.99	2.782	73.913	3.32	120.64	5	0
3486.4	175.686	4.907	2.783	79.507	3.257	126.763	5	0
3486.5	178.466	4.911	2.776	71.937	3.188	205.563	5	0
3486.6	177.408	4.969	2.777	51.759	3.126	305.027	5	0
3486.7	171.013	5.02	2.784	41.591	3.149	258.244	5	0
3486.8	167.639	5.051	2.787	37.742	3.176	240.958	5	0
3486.9	160.56	5.127	2.791	32.505	3.261	218.535	5	0
3487	155.645	5.173	2.794	27.098	3.335	331.419	5	0
3487.1	151.43	5.102	2.797	19.679	3.418	554.341	4	0
3487.2	150.258	4.905	2.805	16.255	3.433	632.936	4	0
3487.3	149.676	4.784	2.809	14.819	3.436	650.754	4	0
3487.4	148.522	4.497	2.817	12.498	3.434	643.865	4	0
3487.5	147.205	4.198	2.818	10.753	3.423	595.572	4	0
3487.6	145.224	3.828	2.817	8.94	3.335	542.062	4	0
3487.7	144.6	3.721	2.811	9.1	3.203	531.964	4	0
3487.8	144.589	3.705	2.807	9.461	3.134	524.139	4	0
3487.9	145.163	3.744	2.799	10.739	2.99	503.042	4	0
3488	146.716	3.867	2.791	11.568	3.034	491.672	4	0
3488.1	149.228	4.126	2.784	12.053	3.132	549.413	4	0
3488.2	150.439	4.357	2.78	13.542	3.242	663.353	4	0
3488.3	150.986	4.486	2.778	14.802	3.3	722.896	4	0
3488.4	151.958	4.767	2.775	18.336	3.418	846.776	4	0
3488.5	152.937	5.109	2.776	22.85	3.521	908.679	4	0
3488.6	154.244	5.692	2.78	25.766	3.664	997.613	5	0
3488.7	154.576	6.09	2.783	23.978	3.818	970.405	4	0
3488.8	154.645	6.266	2.785	23.05	3.887	922.512	4	0
3488.9	154.592	6.575	2.789	21.134	4.007	759.216	1	0
3489	154.542	6.811	2.795	21.299	4.057	667.675	1	0
3489.1	154.789	7.107	2.801	21.822	4.027	713.42	1	0
3489.2	154.873	7.237	2.801	21.4	3.954	848.911	4	0
3489.3	154.728	7.271	2.801	20.996	3.912	912.162	4	0
3489.4	154.067	7.274	2.799	19.811	3.819	1029.474	4	0
3489.5	152.55	7.14	2.799	19.116	3.606	1108.689	4	0
3489.6	149.928	6.818	2.807	19.645	3.425	1195.872	4	0
3489.7	149.1	6.531	2.812	22.817	3.372	1153.433	4	0
3489.8	149.078	6.36	2.812	25.085	3.344	1102.538	5	0
3489.9	149.809	5.963	2.803	30.959	3.286	942.366	5	0
3490	151.646	5.415	2.793	35.551	3.282	1015.021	5	0
3490.1	154.098	4.494	2.784	37.078	3.342	1705.906	5	0
3490.2	154.211	4.02	2.775	36.654	3.371	2234.79	5	0
3490.3	154.08	3.923	2.772	37.441	3.375	2230.867	5	0
3490.4	153.449	4.009	2.769	40.986	3.363	1692.818	5	0
3490.5	152.977	4.576	2.771	47.134	3.384	1075.124	5	0
3490.6	152.709	5.568	2.777	48.592	3.452	745.512	5	0
3490.7	152.87	5.929	2.779	41.094	3.474	980.734	5	0
3490.8	153.115	5.997	2.779	37.891	3.473	1075.651	5	0
3490.9	153.925	5.911	2.778	32.583	3.45	1220.186	5	0
3491	155.585	5.752	2.775	37.088	3.415	965.141	5	0
3491.1	158.165	5.672	2.773	43.827	3.364	617.622	5	0
3491.2	158.412	5.717	2.768	39.562	3.337	500.365	5	0
3491.3	158.143	5.717	2.767	36.109	3.322	451.347	5	0
3491.4	156.83	5.671	2.764	26.611	3.291	372.539	5	0
3491.5	154.883	5.514	2.773	19.294	3.278	329.983	4	0
3491.6	152.532	5.237	2.791	13.468	3.303	292.821	4	0
3491.7	152.001	5.089	2.802	12.55	3.346	271.378	4	0
3491.8	151.867	5.045	2.807	12.369	3.359	262.959	4	0
3491.9	151.859	5.012	2.815	12.558	3.372	250.708	4	0
3492	152.09	5.065	2.817	12.786	3.387	262.201	4	0
3492.1	152.478	5.17	2.813	12.795	3.43	288.643	4	0
3492.2	152.527	5.166	2.808	12.894	3.484	320.232	4	0
3492.3	152.545	5.122	2.806	13.305	3.513	343.569	4	0
3492.4	152.572	4.951	2.8	14.839	3.575	405.031	4	0
3492.5	153.179	4.702	2.795	20.504	3.565	489.666	4	0
3492.6	155.21	4.48	2.79	32.361	3.422	606.453	5	0
3492.7	156.744	4.633	2.795	39.168	3.355	725.514	5	0
3492.8	157.17	4.739	2.797	41.046	3.339	829.368	5	0
3492.9	157.347	5.006	2.802	41.78	3.345	1124.146	5	0
3493	155.927	5.011	2.805	37.502	3.395	1801.974	5	0
3493.1	153.102	4.675	2.81	31.07	3.459	3239.976	5	0
3493.2	152.232	4.357	2.818	29.05	3.423	3856.297	5	0
3493.3	152.148	4.234	2.822	29.116	3.391	3691.684	5	0
3493.4	152.675	4.061	2.828	31.374	3.302	2429.176	5	0
3493.5	153.922	4.075	2.83	38.702	3.243	1400.41	5	0
3493.6	155.4	4.418	2.827	48.336	3.139	2408.639	5	0
3493.7	152.745	4.949	2.823	47.683	3.079	3105.429	5	0
3493.8	151.649	5.252	2.821	46.282	3.069	3128.415	5	0
3493.9	149.919	5.929	2.818	41.362	3.09	2531.344	5	0
3494	151.658	6.371	2.814	51.539	3.158	1568.537	5	0
3494.1	161.55	6.344	2.812	77.099	3.236	471.732	5	0
3494.2	170.143	5.613	2.815	94.927	3.25	274.898	5	0
3494.3	173.178	5.222	2.817	99.25	3.249	323.527	5	0
3494.4	176.742	4.392	2.821	98.808	3.235	711.074	5	0
3494.5	172.528	3.875	2.826	79.163	3.257	1472.71	5	0
3494.6	160.228	3.511	2.834	46.573	3.343	2323.137	5	0
3494.7	153.183	3.53	2.839	34.55	3.424	2034.499	5	0
3494.8	150.757	3.577	2.842	31.418	3.453	1824.298	5	0
3494.9	148.086	3.743	2.849	30.859	3.487	1274.755	5	0
3495	148.963	4.009	2.853	35.599	3.527	986.186	5	0
3495.1	152.428	4.584	2.852	46.714	3.53	718.554	5	0
3495.2	155.027	5.217	2.852	56.429	3.529	540.904	5	0
3495.3	156.088	5.599	2.85	60.426	3.528	485.686	5	0
3495.4	157.737	6.488	2.843	66.698	3.524	441.921	5	0
3495.5	157.642	7.088	2.831	61.844	3.518	500.374	5	0
3495.6	155.054	6.709	2.821	44.931	3.476	539.804	5	0
3495.7	152.456	5.857	2.831	32.437	3.433	467.417	5	0
3495.8	151.296	5.618	2.835	27.756	3.407	426.386	5	0
3495.9	149.252	5.51	2.842	21.509	3.346	334.966	4	0
3496	148.207	5.114	2.84	19.745	3.249	279.653	3	0
3496.1	147.682	4.942	2.829	19.731	3.129	248.681	3	0
3496.2	147.647	5.014	2.817	19.857	3.077	257.579	3	0
3496.3	147.604	5.045	2.812	19.789	3.057	262.187	3	0
3496.4	147.464	5.099	2.806	19.391	3.032	271.695	4	0
3496.5	147.196	5.095	2.804	18.508	3.066	272.18	4	0
3496.6	146.86	5.039	2.798	17.176	3.186	274.756	4	0
3496.7	147.035	5.04	2.793	16.119	3.239	292.325	4	0
3496.8	147.296	5.082	2.791	15.577	3.252	298.543	4	0
3496.9	148.158	5.246	2.787	14.472	3.253	305.881	4	0
3497	149.641	5.495	2.783	14.782	3.235	281.317	4	0
3497.1	151.829	5.846	2.769	16.556	3.229	236.274	4	0
3497.2	152.69	6.363	2.757	17.777	3.241	231.954	4	0
3497.3	152.986	6.533	2.755	18.589	3.255	236.099	4	0
3497.4	153.31	6.697	2.756	20.61	3.299	256.826	4	0
3497.5	153.609	6.643	2.765	23.98	3.376	264.82	4	0
3497.6	155.27	6.374	2.779	29.868	3.441	260.893	5	0
3497.7	157.794	6.195	2.785	34.406	3.43	251.812	5	0
3497.8	159.142	6.146	2.789	37.098	3.421	251.977	5	0
3497.9	162.003	6.125	2.795	43.307	3.397	261.603	5	0
3498	163.36	6.333	2.797	47.78	3.343	362.071	5	0
3498.1	161.284	6.83	2.791	46.7	3.263	674.882	5	0
3498.2	157.532	6.904	2.795	40.351	3.223	1006.999	5	0
3498.3	155.741	6.815	2.797	37.325	3.196	1133.326	5	0
3498.4	152.334	6.388	2.802	31.585	3.126	1306.863	5	0
3498.5	150.864	5.68	2.809	30.412	3.096	1103.629	5	0
3498.6	151.779	4.715	2.807	33.877	3.102	614.225	5	0
3498.7	153.786	4.475	2.802	38.917	3.127	462.964	5	0
3498.8	154.681	4.468	2.8	40.87	3.139	438.579	5	0
3498.9	156.254	4.68	2.797	43.646	3.163	491.174	5	0
3499	156.489	5.256	2.796	44.818	3.197	541.109	5	0
3499.1	155.196	6.338	2.8	46.533	3.227	606.914	5	0
3499.2	153.937	6.976	2.809	46.551	3.191	682.047	5	0
3499.3	153.364	7.185	2.813	45.547	3.159	707.721	5	0
3499.4	152.333	7.389	2.821	41.543	3.066	735.447	5	0
3499.5	151.439	7.055	2.828	36.133	2.94	674.6	5	0
3499.6	150.276	6.199	2.836	28.934	2.804	560.721	5	0
3499.7	149.729	5.671	2.833	27.516	2.774	527.295	5	0
3499.8	149.483	5.441	2.831	27.476	2.766	510.038	5	0
3499.9	149.049	5.052	2.824	28.714	2.767	474.533	5	0
3500	148.557	4.726	2.819	29.896	2.831	435.108	5	0
3500.1	147.809	4.353	2.811	30.954	2.99	412.385	5	0
3500.2	147.454	4.286	2.802	31.461	3.107	437.483	5	0
3500.3	147.332	4.277	2.798	31.61	3.146	457.38	5	0
3500.4	147.198	4.308	2.79	31.701	3.189	511.598	5	0
3500.5	147.265	4.345	2.787	29.635	3.174	584.385	5	0
3500.6	147.202	4.195	2.785	24.999	3.155	729.902	4	0
3500.7	146.657	4.132	2.781	22.333	3.163	975.848	4	0
3500.8	146.289	4.144	2.777	21.422	3.164	1165.697	4	0
3500.9	145.368	4.255	2.769	20.438	3.159	1676.598	4	0
3501	144.622	4.584	2.765	20.958	3.206	2081.727	4	0
3501.1	144.55	5.128	2.767	21.788	3.285	1938.099	4	0
3501.2	145.319	5.293	2.773	20.286	3.282	1407.744	4	0
3501.3	145.795	5.315	2.777	19.294	3.26	1177.633	4	0
3501.4	146.924	5.24	2.786	16.842	3.173	787.813	4	0
3501.5	148.133	5.057	2.794	15.067	3.063	629.21	4	0
3501.6	149.541	4.765	2.811	14.2	2.947	557.192	3	0
3501.7	149.769	4.49	2.822	14.694	2.913	630.632	3	0
3501.8	149.71	4.324	2.826	14.976	2.9	706.745	3	0
3501.9	149.249	3.938	2.83	15.608	2.879	936.43	3	0
3502	148.438	3.524	2.831	17.422	2.871	1527.06	3	0
3502.1	147.194	3.054	2.83	21.353	2.886	3398.501	3	0
3502.2	146.381	2.981	2.828	24.749	2.885	5588.574	3	0
3502.3	146.005	3.013	2.827	26.926	2.883	6582.661	5	0
3502.4	145.315	3.21	2.824	32.213	2.878	8366.535	5	0
3502.5	145.008	3.657	2.818	38.161	2.949	9257.183	5	0
3502.6	145.17	4.481	2.809	44.968	3.105	11122.555	5	0
3502.7	145.429	4.907	2.809	46.159	3.158	12891.43	5	0
3502.8	145.521	5.04	2.809	45.992	3.169	12981.685	5	0
3502.9	145.631	5.146	2.81	44.154	3.162	11592.646	5	0
3503	145.729	4.957	2.812	41.343	3.124	7461.161	5	0
3503.1	146.145	4.616	2.818	35.431	3.078	2463.486	5	0
3503.2	146.51	4.556	2.823	29.358	3.104	1255.746	5	0
3503.3	146.663	4.568	2.825	26.736	3.126	926.124	5	0
3503.4	146.911	4.675	2.83	22.324	3.192	810.331	4	0
3503.5	147.172	4.844	2.832	22.232	3.24	834.393	4	0
3503.6	147.873	5.099	2.828	24.851	3.289	805.442	4	0
3503.7	148.346	5.268	2.82	25.961	3.333	681.18	5	0
3503.8	148.478	5.338	2.817	25.636	3.334	626.298	5	0
3503.9	148.538	5.446	2.81	23.249	3.294	531.125	4	0
3504	148.156	5.39	2.806	19.704	3.216	517.482	4	0
3504.1	147.329	4.53	2.796	15.587	3.099	596.11	4	0
3504.2	146.664	4.123	2.791	14.163	3.046	754.213	4	0
3504.3	146.335	3.936	2.789	13.769	2.998	861.241	4	0
3504.4	145.682	3.596	2.787	13.612	2.861	1130.053	3	0
3504.5	145.426	3.338	2.79	13.9	2.729	1563.651	3	0
3504.6	146.122	2.965	2.8	15.143	2.633	2852.077	3	0
3504.7	147.122	2.727	2.803	17.196	2.641	4739.84	3	0
3504.8	147.562	2.633	2.804	18.527	2.667	5862.446	3	0
3504.9	148.323	2.495	2.804	21.784	2.763	8455.297	3	0
3505	148.658	2.567	2.804	23.92	2.913	11132.697	3	0
3505.1	149.394	2.836	2.802	26.44	3.05	14101.088	5	0
3505.2	150.751	3.127	2.798	28.653	3.087	14995.74	5	0
3505.3	151.594	3.301	2.796	30.134	3.104	13579.475	5	0
3505.4	153.602	3.704	2.794	33.826	3.136	7071.854	5	0
3505.5	155.348	4.198	2.796	37.187	3.131	3447.632	5	0
3505.6	156.253	4.783	2.801	41.038	3.104	1168.94	5	0
3505.7	155.649	4.892	2.807	40.695	3.145	1348.555	5	0
3505.8	155.3	4.897	2.809	39.999	3.164	1423.144	5	0
3505.9	154.508	4.807	2.811	37.578	3.197	1541.891	5	0
3506	153.984	4.644	2.808	36.178	3.167	1683.345	5	0
3506.1	153.186	4.293	2.793	36.79	3.158	2259.141	5	0
3506.2	152.236	3.9	2.786	35.788	3.209	3784.041	5	0
3506.3	151.712	3.684	2.784	34.577	3.236	4935.701	5	0
3506.4	150.568	3.218	2.782	30.76	3.296	8002.381	5	0
3506.5	150.046	2.993	2.777	28.503	3.373	9983.282	5	0
3506.6	152.227	3.474	2.765	32.988	3.5	9302.24	5	0
3506.7	157.311	4.878	2.756	46.567	3.55	5429.334	5	0
3506.8	160.539	5.798	2.752	55.738	3.559	3844.878	5	0
3506.9	168.336	8.064	2.746	78.739	3.546	1379.152	2	0
3507	175.905	10.201	2.738	101.302	3.514	489.392	2	0
3507.1	179.854	11.509	2.738	116.008	3.467	336.608	2	0
3507.2	174.596	10.161	2.749	100.151	3.438	1260.508	5	0
3507.3	170.982	9.227	2.754	89.66	3.428	1993.669	5	0
3507.4	161.825	6.851	2.766	63.666	3.416	3992.258	5	0
3507.5	153.485	5.06	2.78	46.194	3.403	5605.978	5	0
3507.6	146.552	3.524	2.803	32.098	3.391	6275.883	5	0
3507.7	145.91	3.058	2.809	29.13	3.406	7173.604	5	0
3507.8	146.007	2.835	2.809	27.891	3.414	7861.227	5	0
3507.9	147.025	2.409	2.802	25.901	3.428	9704.851	5	0
3508	148.676	2.159	2.789	23.922	3.412	9341.812	4	0
3508.1	151.145	2.222	2.768	22.422	3.419	4978.082	4	0
3508.2	152.23	2.567	2.752	22.788	3.473	2203.7	4	0
3508.3	152.589	2.735	2.747	22.61	3.502	1328.455	4	0
3508.4	152.943	3.062	2.74	21.543	3.565	593.708	1	0
3508.5	153.115	3.292	2.746	21.625	3.652	623.161	1	0
3508.6	155.102	4.009	2.76	30.413	3.624	670.318	5	0
3508.7	159.085	5.225	2.768	48.027	3.547	564.868	5	0
3508.8	161.672	5.994	2.772	58.36	3.51	500.572	5	0
3508.9	168.008	7.843	2.777	81.99	3.44	349.434	5	0
3509	175.046	9.645	2.78	100.055	3.388	258.509	5	0
3509.1	181.71	11.293	2.776	111.383	3.315	193.421	5	0
3509.2	180.429	11.082	2.768	103.197	3.267	234.94	5	0
3509.3	178.612	10.74	2.763	95.737	3.245	274.499	5	0
3509.4	172.662	9.588	2.754	74.197	3.204	390.571	5	0
3509.5	164.993	8.266	2.746	52.356	3.198	452.572	5	0
3509.6	156.276	6.856	2.74	31.151	3.204	372.531	5	0
3509.7	153.853	6.406	2.741	26.204	3.218	283.818	5	0
3509.8	153.117	6.216	2.743	24.321	3.225	253.396	4	0
3509.9	152.59	5.906	2.747	21.731	3.238	220.235	4	0
3510	152.533	5.651	2.753	19.818	3.288	230.929	4	0
3510.1	152.242	5.499	2.764	17.946	3.358	294.28	4	0
3510.2	152.233	5.627	2.766	16.197	3.379	305.618	4	0
3510.3	152.397	5.691	2.767	15.445	3.383	291.111	4	0
3510.4	153.057	5.815	2.768	14.187	3.381	222.304	4	0
3510.5	154.335	5.608	2.769	13.854	3.36	185.399	4	0
3510.6	155.849	4.976	2.765	14.36	3.314	249.018	4	0
3510.7	155.741	4.669	2.763	17.182	3.242	417.797	4	0
3510.8	155.525	4.675	2.764	20.036	3.208	501.526	4	0
3510.9	154.777	5.006	2.768	28.582	3.148	667.272	5	0
3511	154.544	6.037	2.777	41.716	3.108	655.745	5	0
3511.1	155.643	7.301	2.798	57.188	3.108	669.34	5	0
3511.2	156.437	7.171	2.801	54.528	3.162	1020.599	5	0
3511.3	156.485	6.903	2.802	51.279	3.187	1305.521	5	0
3511.4	155.889	5.97	2.802	41.002	3.235	2089.909	5	0
3511.5	153.837	5.174	2.8	34.356	3.305	2730.104	5	0
3511.6	150.99	4.892	2.8	32.9	3.379	2824.05	5	0
3511.7	150.988	5.407	2.808	37.686	3.38	2039.629	5	0
3511.8	151.476	5.685	2.81	40.425	3.373	1672.063	5	0
3511.9	153.413	6.279	2.814	46.577	3.343	987.412	5	0
3512	155.943	6.428	2.808	48.849	3.3	846.332	5	0
3512.1	158.234	6.191	2.794	45.742	3.198	1132.192	5	0
3512.2	158.289	5.891	2.779	38.985	3.139	1319.672	5	0
3512.3	158.158	5.77	2.772	35.477	3.122	1276.552	5	0
3512.4	157.581	5.589	2.757	28.22	3.114	920.12	5	0
3512.5	156.734	5.551	2.747	22.267	3.182	587.155	4	0
3512.6	154.886	5.479	2.744	17.365	3.296	383.03	4	0
3512.7	153.449	5.322	2.754	17.773	3.378	487.437	4	0
3512.8	152.903	5.236	2.759	18.922	3.385	552.048	4	0
3512.9	152.157	5.05	2.768	23.085	3.33	705.469	4	0
3513	152.69	5.096	2.777	31.116	3.203	748.663	5	0
3513.1	155	5.438	2.798	46.75	3.051	676.541	5	0
3513.2	157.134	5.715	2.808	54.749	2.997	670.816	5	0
3513.3	158.183	5.814	2.81	56.743	2.969	688.697	5	0
3513.4	160.24	5.933	2.807	56.757	2.91	765.352	5	0
3513.5	161.592	5.869	2.791	54.531	2.896	852.354	5	0
3513.6	161.186	5.604	2.759	48.963	3.003	1031.154	5	0
3513.7	158.705	5.335	2.752	40.99	3.186	1118.54	5	0
3513.8	157.237	5.207	2.754	36.931	3.28	1096.587	5	0
3513.9	153.858	4.965	2.769	28.689	3.475	923.091	5	0
3514	150.913	4.936	2.785	24.252	3.522	712.999	4	0
3514.1	148.259	5.196	2.807	21.038	3.442	503.959	4	0
3514.2	147.822	5.573	2.816	21.341	3.354	462.623	4	0
3514.3	147.828	5.754	2.818	21.825	3.315	438.744	4	0
3514.4	148.282	6.1	2.816	23.444	3.245	384.757	4	0
3514.5	149.511	6.11	2.809	24.675	3.15	301.731	4	0
3514.6	151.781	5.683	2.795	25.017	3.068	216.863	5	0
3514.7	152.77	5.195	2.792	23.426	3.033	216.527	4	0
3514.8	152.994	4.983	2.792	22.921	3.021	222.892	4	0
3514.9	152.905	4.62	2.797	22.487	3.004	248.501	4	0
3515	151.925	4.574	2.803	23.448	3.01	300.907	4	0
3515.1	150.22	4.748	2.798	25.545	3.049	522.862	5	0
3515.2	149.424	4.931	2.791	26.832	3.11	900.515	5	0
3515.3	149.128	5.009	2.79	27.636	3.14	1101.715	5	0
3515.4	148.736	5.136	2.791	29.561	3.203	1527.583	5	0
3515.5	148.57	5.161	2.799	31.924	3.275	1695.616	5	0
3515.6	148.401	4.997	2.815	36.601	3.369	1692.497	5	0
3515.7	148.3	4.637	2.832	37.804	3.452	1905.48	5	0
3515.8	148.267	4.422	2.839	37.568	3.48	2115.434	5	0
3515.9	148.236	3.927	2.847	35.441	3.507	2738.733	5	0
3516	148.476	3.448	2.85	31.787	3.473	3307.37	5	0
3516.1	149.658	2.814	2.839	27.276	3.376	3961.499	5	0
3516.2	151.095	2.435	2.835	27.525	3.307	4043.484	5	0
3516.3	151.851	2.249	2.832	28.085	3.305	4019.947	5	0
3516.4	153.434	1.888	2.827	30.064	3.365	3845.494	5	0
3516.5	154.771	1.635	2.822	29.884	3.483	3631.056	5	0
3516.6	156.251	1.547	2.808	26.058	3.643	2851.972	5	0
3516.7	156.729	1.681	2.794	22.468	3.748	2707.024	4	0
3516.8	156.752	1.748	2.789	21.172	3.796	2842.33	4	0
3516.9	156.372	1.882	2.784	19.573	3.881	3522.803	4	0
3517	154.863	2.399	2.779	21.821	3.933	3787.685	1	0
3517.1	152.317	3.436	2.777	29.322	3.918	2523.909	2	0
3517.2	152.165	4.368	2.786	38.374	3.889	1372.383	5	0
3517.3	152.638	4.868	2.792	43.181	3.846	973.435	5	0
3517.4	154.667	5.932	2.81	53.326	3.707	526.827	5	0
3517.5	157.657	6.871	2.822	58.737	3.53	473.673	5	0
3517.6	160.298	7.58	2.83	59.986	3.313	527.869	5	0
3517.7	159.937	7.493	2.827	55.278	3.178	566.326	5	0
3517.8	159.561	7.397	2.825	52.803	3.122	572.951	5	0
3517.9	158.424	7.102	2.82	47.629	3.033	561.268	5	0
3518	157.456	6.765	2.815	44.525	3.035	580.976	5	0
3518.1	155.731	6.111	2.806	40.808	3.084	730.084	5	0
3518.2	153.645	5.529	2.803	36.513	3.139	1292.17	5	0
3518.3	152.458	5.229	2.802	33.88	3.17	1802.457	5	0
3518.4	149.806	4.614	2.802	27.667	3.24	3273.474	5	3
3518.5	147.509	4.145	2.805	22.159	3.243	4747.763	4	3
3518.6	145.513	3.816	2.813	17.417	3.185	5117.771	4	3
3518.7	145.183	3.835	2.817	17.537	3.139	4369.535	4	3
3518.8	145.112	3.872	2.819	17.718	3.123	4070.243	4	3
3518.9	145.156	3.999	2.822	18.317	3.108	3620.959	3	3
3519	145.282	4.26	2.824	18.012	3.102	2919.607	3	3
3519.1	145.612	4.909	2.824	16.727	3.086	1379.473	3	3
3519.2	146.307	5.45	2.816	15.341	3.073	637.527	3	3
3519.3	146.878	5.713	2.808	14.672	3.069	406.989	4	3
3519.4	148.457	6.225	2.787	13.38	3.071	224.504	4	3
3519.5	151.05	6.693	2.765	12.117	3.089	186.01	4	3
3519.6	155.38	7.236	2.75	11.179	3.136	153.668	4	3
3519.7	157.273	7.331	2.744	11.943	3.168	139.921	4	3
3519.8	157.853	7.306	2.742	12.599	3.176	135.461	4	3
3519.9	158.286	7.117	2.743	14.447	3.175	131.331	4	3
3520	158.5	6.746	2.751	16.744	3.112	148.548	4	3
3520.1	160.529	6.238	2.767	19.005	3.004	225.052	4	3
3520.2	162.065	6.12	2.78	19.163	2.957	306.558	4	3
3520.3	162.281	6.135	2.786	18.841	2.953	326.149	4	3
3520.4	161.623	6.31	2.799	17.407	2.982	323.423	4	3
3520.5	158.885	6.724	2.808	15.923	3.055	277.027	4	3
3520.6	155.663	7.422	2.819	14.204	3.149	234.469	4	3
3520.7	155.662	7.732	2.819	13.467	3.197	221.676	4	3
3520.8	155.974	7.817	2.818	13.218	3.224	210.817	4	3
3520.9	157.215	7.846	2.813	12.958	3.28	180.337	4	3
3521	158.631	7.627	2.803	12.883	3.272	163.815	4	3
3521.1	160.025	7.08	2.794	13.516	3.221	186.293	4	3
3521.2	159.669	6.538	2.798	14.401	3.216	254.942	4	3
3521.3	159.106	6.227	2.801	14.718	3.214	325.746	4	3
3521.4	157.221	5.526	2.811	15.102	3.211	539.082	4	3
3521.5	154.191	4.791	2.825	15.676	3.126	1144.229	3	3
3521.6	149.427	3.918	2.842	16.694	2.973	2880.42	3	3
3521.7	147.111	3.565	2.842	17.05	2.896	4713.76	3	3
3521.8	146.327	3.427	2.841	17.207	2.868	5554.428	3	3
3521.9	145.501	3.225	2.836	17.48	2.832	7081.5	3	3
3522	146.017	3.128	2.825	17.771	2.848	7633.943	3	3
3522.1	147.316	3.135	2.816	18.827	2.907	6943.649	3	3
3522.2	147.978	3.274	2.818	20.73	2.962	5364.8	3	3
3522.3	148.33	3.374	2.819	22.341	2.994	4523.153	3	3
3522.4	149.073	3.638	2.818	26.856	3.064	2740.788	5	3
3522.5	150.623	4.062	2.816	33.064	3.133	1706.354	5	0
3522.6	155.074	5.034	2.814	42.326	3.25	935.67	5	0
3522.7	160.074	6.022	2.809	49.789	3.376	701.914	5	0
3522.8	162.913	6.579	2.808	54.759	3.444	591.832	5	0
3522.9	169.247	7.813	2.807	67.125	3.592	385.635	5	0
3523	175.821	9.094	2.807	82.196	3.662	264.366	5	0
3523.1	183.751	10.592	2.801	102.575	3.662	175.334	5	0
3523.2	186.439	11.008	2.792	111.393	3.603	159.026	5	0
3523.3	187.062	11.074	2.787	113.411	3.569	160.237	5	0
3523.4	186.883	10.928	2.777	112.715	3.492	181.155	5	0
3523.5	183.439	10.32	2.764	98.321	3.4	298.907	5	0
3523.6	174.079	8.879	2.764	66.568	3.305	691.559	5	0
3523.7	166.383	7.632	2.777	48.146	3.297	1068.919	5	0
3523.8	162.939	7.009	2.783	41.681	3.297	1227.939	5	0
3523.9	156.865	5.768	2.795	34.208	3.304	1486.6	5	0
3524	153.881	4.806	2.806	33.043	3.281	1381.228	5	0
3524.1	152.919	4.106	2.818	33.726	3.307	995.831	5	0
3524.2	153.122	4.214	2.821	34.283	3.362	767.408	5	0
3524.3	152.998	4.307	2.821	34.025	3.383	774.565	5	0
3524.4	152.306	4.566	2.818	32.453	3.414	1028.639	5	0
3524.5	150.717	4.624	2.816	28.741	3.433	1791.474	5	0
3524.6	148.86	4.44	2.821	24.563	3.489	2734.194	4	0
3524.7	149.332	4.461	2.828	26.064	3.524	2158.445	5	0
3524.8	150.064	4.573	2.831	28.578	3.534	1804.266	5	0
3524.9	152.502	4.995	2.838	37.082	3.543	966.635	5	0
3525	156.416	5.772	2.836	48.956	3.527	513.603	5	0
3525.1	162.508	6.929	2.82	65.268	3.464	263.442	5	0
3525.2	165.283	7.177	2.802	70.921	3.399	297.689	5	0
3525.3	166.218	7.094	2.793	71.095	3.378	461.607	5	0
3525.4	167.189	6.52	2.776	66.203	3.36	1078.672	5	0
3525.5	167.25	5.332	2.768	55.518	3.465	2211.148	5	0
3525.6	168.232	3.875	2.761	45.011	3.714	3196.905	2	0
3525.7	169.538	3.791	2.757	47.296	3.897	2124.599	2	0
3525.8	169.901	3.91	2.755	48.34	3.981	1755.237	2	0
3525.9	170.051	4.466	2.751	50.226	4.135	1347.853	2	0
3526	167.673	5.034	2.759	43.909	4.173	1659.605	2	0
3526.1	161.326	5.344	2.78	33.072	4.067	1572.327	2	0
3526.2	156.831	5.288	2.796	29.686	3.923	1045.844	5	0
3526.3	154.93	5.248	2.801	28.486	3.86	835.65	5	0
3526.4	151.822	5.148	2.809	27.065	3.751	521.1	5	0
3526.5	150.2	4.955	2.81	24.829	3.658	525.377	4	0
3526.6	149.075	4.532	2.806	22.565	3.517	625.262	4	0
3526.7	148.795	4.229	2.803	23.54	3.415	840.411	4	0
3526.8	148.66	4.075	2.803	23.916	3.369	961.236	4	0
3526.9	148.397	3.765	2.804	24.446	3.286	1228.474	4	0
3527	148.193	3.375	2.808	22.348	3.26	1305.591	4	0
3527.1	148.573	2.703	2.816	19.263	3.28	1397.372	4	0
3527.2	149.655	2.348	2.816	19.732	3.326	1664.356	4	0
3527.3	150.3	2.223	2.815	20.778	3.356	1793.02	4	0
3527.4	151.792	2.075	2.81	24.466	3.43	2040.18	4	0
3527.5	153.062	2.062	2.802	30.385	3.539	1740.249	5	0
3527.6	153.877	2.04	2.792	36.841	3.685	1479.464	5	0
3527.7	153.558	2.013	2.794	35.704	3.76	1772.104	5	0
3527.8	153.338	2.025	2.797	34.291	3.782	1948.96	5	0
3527.9	152.779	2.1	2.807	29.804	3.797	2362.14	5	0
3528	152.595	2.437	2.814	28.774	3.763	2186.041	5	0
3528.1	153.472	3.483	2.83	34.881	3.754	1314.526	5	0
3528.2	154.763	4.377	2.839	43.382	3.778	811.125	5	0
3528.3	155.384	4.717	2.842	47.137	3.773	656.612	5	0
3528.4	156.575	5.188	2.845	53.652	3.729	540.359	5	0
3528.5	157.192	4.836	2.837	55.14	3.65	539.332	5	0
3528.6	157.621	3.744	2.822	57.218	3.586	538.691	5	0
3528.7	158.279	3.188	2.816	62.022	3.523	507.999	5	0
3528.8	158.893	3.006	2.816	64.958	3.481	486.002	5	0
3528.9	160.683	2.836	2.82	71.872	3.377	428.977	5	0
3529	164.113	2.861	2.822	77.849	3.322	377.81	5	0
3529.1	171.177	2.929	2.815	89.502	3.297	283.311	5	0
3529.2	175.376	2.946	2.805	98.464	3.281	222.768	5	0
3529.3	176.589	2.942	2.798	99.797	3.274	225.321	5	0
3529.4	177.257	2.91	2.781	96.236	3.264	295.267	5	0
3529.5	173.172	2.842	2.765	77.585	3.27	499.901	5	0
3529.6	163.352	2.745	2.761	46.22	3.32	831.162	5	0
3529.7	157.452	2.721	2.768	32.18	3.387	1024.161	5	0
3529.8	155.177	2.725	2.771	27.495	3.411	1157.574	5	0
3529.9	151.972	2.769	2.78	22.758	3.441	1496.682	4	0
3530	150.913	2.974	2.787	22.269	3.41	2053.64	4	0
3530.1	150.676	3.715	2.791	25.231	3.397	2856.495	5	0
3530.2	150.983	4.499	2.787	28.6	3.445	2990.155	5	0
3530.3	151.106	4.881	2.784	30.135	3.465	2885.466	5	0
3530.4	151.291	5.621	2.779	32.905	3.495	2337.719	5	0
3530.5	150.8	6.088	2.781	35.53	3.533	1583.012	5	0
3530.6	148.781	6.312	2.789	36.902	3.585	1182.332	5	0
3530.7	147.015	6.139	2.795	32.657	3.55	1477.24	5	0
3530.8	146.293	6.023	2.796	30.013	3.503	1507.261	5	0
3530.9	145.171	5.735	2.797	23.708	3.35	1335.139	4	0
3531	145.328	5.599	2.795	20.092	3.185	889.238	4	3
3531.1	147.42	5.896	2.788	17.631	2.979	356.567	4	3
3531.2	149.591	6.356	2.776	17.237	2.861	224.413	4	3
3531.3	150.616	6.577	2.77	17.059	2.82	182.815	4	3
3531.4	152.544	6.995	2.757	16.744	2.774	148.186	4	3
3531.5	153.932	7.28	2.747	16.044	2.841	132.107	4	3
3531.6	155.378	7.593	2.738	14.74	2.993	116.736	4	3
3531.7	155.771	7.682	2.739	14.199	3.068	108.001	4	3
3531.8	155.784	7.648	2.74	14.107	3.094	107.146	4	3
3531.9	155.449	7.424	2.743	14.277	3.12	112.379	4	3
3532	154.315	6.733	2.746	15.737	3.094	143.522	4	3
3532.1	151.805	5.311	2.762	17.94	3.031	244.167	4	3
3532.2	149.869	4.457	2.785	19.156	2.974	401.345	4	3
3532.3	148.949	4.109	2.794	19.709	2.954	593.815	4	3
3532.4	147.208	3.57	2.81	20.703	2.929	1202.817	3	3
3532.5	145.834	3.27	2.823	21.096	2.988	2882.761	3	3
3532.6	144.345	3.009	2.839	21.852	3.074	6712.625	3	3
3532.7	143.921	2.98	2.836	21.879	3.094	8688.345	3	3
3532.8	143.855	3.001	2.833	22.326	3.1	9041.835	3	3
3532.9	144.011	3.113	2.823	24.074	3.103	8493.735	3	0
3533	144.513	3.399	2.81	27.801	3.087	6817.979	5	0
3533.1	145.173	4.177	2.804	33.548	2.975	4466.909	5	0
3533.2	145.543	4.959	2.812	35.029	2.863	3064.083	5	0
3533.3	145.778	5.351	2.817	34.689	2.81	2431.789	5	0
3533.4	146.346	6.138	2.827	31.875	2.71	1306.846	5	0
3533.5	147.08	6.621	2.837	26.927	2.657	732.254	5	0
3533.6	147.771	6.56	2.845	20.132	2.666	483.764	3	3
3533.7	147.679	5.99	2.84	18.218	2.752	715.504	3	3
3533.8	147.56	5.685	2.836	18.056	2.807	900.963	3	3
3533.9	147.179	5.038	2.826	19.304	2.94	1408.466	3	3
3534	146.876	4.629	2.816	21.862	3.038	2037.561	3	3
3534.1	147.023	4.514	2.795	23.2	3.12	2679.986	4	3
3534.2	147.755	4.742	2.789	21.438	3.184	2037.64	4	3
3534.3	148.222	4.874	2.787	20.366	3.213	1682.713	4	3
3534.4	149.354	5.172	2.783	17.85	3.268	907.903	4	3
3534.5	150.479	5.388	2.783	16.55	3.286	504.625	4	3
3534.6	151.553	5.499	2.783	15.352	3.31	306.725	4	3
3534.7	151.746	5.448	2.784	14.987	3.303	283.073	4	3
3534.8	151.789	5.404	2.786	14.864	3.294	272.749	4	3
3534.9	151.769	5.279	2.79	14.738	3.265	255.116	4	3
3535	151.702	5.112	2.793	14.956	3.227	265.49	4	3
3535.1	151.457	4.895	2.798	15.692	3.248	315.587	4	3
3535.2	151.122	4.792	2.796	16.229	3.307	350.796	4	3
3535.3	150.97	4.752	2.794	16.237	3.341	361.487	4	3
3535.4	150.7	4.695	2.788	15.741	3.419	369.158	4	3
3535.5	150.833	4.698	2.78	15.392	3.495	359.234	4	3
3535.6	151.631	4.726	2.774	16.008	3.571	364.746	4	0
3535.7	152.254	4.637	2.777	19.422	3.576	469.423	4	0
3535.8	152.529	4.572	2.78	21.905	3.577	555.118	4	0
3535.9	153.006	4.401	2.786	28.394	3.573	791.994	5	0
3536	153.734	4.365	2.795	36.469	3.564	941.688	5	0
3536.1	156.068	4.849	2.805	50.136	3.617	822.024	5	0
3536.2	158.568	5.526	2.81	59.019	3.655	623.392	5	0
3536.3	159.84	5.841	2.811	61.696	3.659	607.24	5	0
3536.4	162.421	6.423	2.811	63.55	3.64	739.325	5	0
3536.5	164.743	6.529	2.807	60.138	3.613	1065.156	5	0
3536.6	168.961	6.275	2.796	61.314	3.615	1123.678	5	0
3536.7	173.173	6.59	2.785	75.507	3.648	770.876	5	0
3536.8	175.355	7.014	2.78	83.043	3.663	614.314	5	0
3536.9	179.855	8.389	2.773	98.946	3.689	341.154	5	0
3537	182.184	10.537	2.775	102.397	3.642	245.76	5	0
3537.1	179.773	13.172	2.78	86.553	3.553	139.828	5	0
3537.2	174.505	13.5	2.783	64.523	3.493	96.885	5	0
3537.3	171.81	13.337	2.784	54.767	3.47	82.531	5	0
3537.4	166.309	12.369	2.787	37.793	3.436	67.955	5	0
3537.5	162.329	10.737	2.787	27.674	3.28	65.491	5	0
3537.6	158.52	8.171	2.779	18.097	3.121	84.671	4	0
3537.7	156.83	6.578	2.775	15.173	3.116	128.677	4	0
3537.8	156.017	5.853	2.776	14.435	3.126	160.683	4	0
3537.9	154.456	4.549	2.784	14.397	3.171	244.306	4	0
3538	153.082	3.692	2.795	17.095	3.239	382.746	4	0
3538.1	151.789	3.052	2.809	22.192	3.322	649.316	4	0
3538.2	151.758	2.942	2.806	23.881	3.357	763.751	4	0
3538.3	151.931	2.896	2.804	23.847	3.381	788.521	4	0
3538.4	152.65	2.82	2.798	22.043	3.442	773.835	4	0
3538.5	154.09	2.754	2.789	20.577	3.61	775.333	4	0
3538.6	156.791	2.92	2.773	22.285	3.786	719.767	1	0
3538.7	158.095	3.359	2.773	25.417	3.828	791.944	2	0
3538.8	158.392	3.621	2.774	26.729	3.847	861.478	2	0
3538.9	158.283	4.227	2.78	28.843	3.881	1066.285	2	0
3539	156.856	4.817	2.795	31.077	3.885	1019.321	5	0
3539.1	154.714	5.542	2.821	36.666	3.78	482.433	5	0
3539.2	154.213	5.765	2.827	40.17	3.573	232.405	5	0
3539.3	154.07	5.746	2.828	40.109	3.483	188.536	5	0
3539.4	153.997	5.454	2.826	36.405	3.33	261.335	5	0
3539.5	153.411	4.619	2.822	28.402	3.238	385.646	5	0
3539.6	151.727	3.318	2.815	19.149	3.132	579.71	4	0
3539.7	150.795	2.762	2.807	17.436	3.153	660.784	4	0
3539.8	150.497	2.551	2.803	17.395	3.182	733.152	4	0
3539.9	150.235	2.266	2.798	18.924	3.275	940.421	4	0
3540	150.407	2.133	2.794	21.665	3.375	1543.68	4	0
3540.1	150.865	2.184	2.794	27.156	3.481	2829.118	5	0
3540.2	151.256	2.443	2.8	30.984	3.488	3621.531	5	0
3540.3	151.425	2.582	2.803	31.897	3.472	4021.19	5	0
3540.4	151.706	2.878	2.806	31.739	3.401	4825.379	5	0
3540.5	151.638	2.996	2.804	29.914	3.26	4992.898	5	0
3540.6	151.034	2.847	2.796	27.955	3.174	3844.122	5	0
3540.7	150.521	2.665	2.796	27.853	3.204	3042.751	5	0
3540.8	150.339	2.609	2.798	28.437	3.226	2843.666	5	0
3540.9	150.123	2.569	2.805	30.858	3.287	2844.779	5	0
3541	150.746	2.802	2.812	38.664	3.415	2707.554	5	0
3541.1	154.119	3.843	2.823	58.282	3.57	1660.183	5	0
3541.2	158.164	5.193	2.823	76.006	3.545	903.893	5	0
3541.3	160.068	5.881	2.822	82.658	3.515	672.542	5	0
3541.4	163.633	7.279	2.814	91.561	3.419	500.999	5	0
3541.5	164.502	7.849	2.809	85.008	3.336	712.476	5	0
3541.6	161.972	7.26	2.805	67.125	3.274	1064.576	5	0
3541.7	159.931	6.652	2.804	60.386	3.28	1025.628	5	0
3541.8	159.447	6.524	2.802	59.563	3.279	963.047	5	0
3541.9	159.539	6.614	2.798	62.954	3.27	753.021	5	0
3542	161.362	7.377	2.796	68.903	3.305	647.748	5	0
3542.1	163.194	8.432	2.797	72.53	3.405	815.437	5	0
3542.2	162.066	7.283	2.801	65.958	3.461	1289.078	5	0
3542.3	161.036	6.65	2.804	61.304	3.496	1561.953	5	0
3542.4	158.057	5.269	2.81	49.317	3.581	2177.61	5	0
3542.5	154.722	4.049	2.819	39.758	3.576	2758.891	5	0
3542.6	151.757	2.648	2.832	30.471	3.504	4468.231	5	0
3542.7	151.97	2.189	2.84	27.904	3.438	6471.235	5	0
3542.8	152.365	2.073	2.84	26.869	3.423	7403.62	5	0
3542.9	153.722	2.067	2.833	25.297	3.426	9127.284	5	0
3543	155.052	2.413	2.823	23.768	3.488	9568.398	4	0
3543.1	155.58	2.997	2.812	22.607	3.588	8127.764	4	0
3543.2	154.447	3.316	2.809	22.088	3.664	5335.284	4	0
3543.3	153.711	3.48	2.807	21.948	3.697	4230.74	4	0
3543.4	151.912	3.819	2.805	21.907	3.756	2603.361	4	0
3543.5	150.984	4.619	2.803	25.412	3.645	2126.39	5	0
3543.6	153.568	6.638	2.799	39.836	3.498	1624.895	5	0
3543.7	158.869	8.542	2.793	57.169	3.442	1045.699	5	0
3543.8	161.975	9.498	2.791	65.243	3.412	806.382	5	0
3543.9	169.071	11.414	2.787	80.185	3.349	428.258	5	0
3544	176.3	12.971	2.788	87.129	3.256	286.766	5	0
3544.1	184.38	14.476	2.798	114.501	3.151	190.344	5	0
3544.2	185.487	14.191	2.805	116.508	3.146	167.393	5	0
3544.3	184.827	13.723	2.808	112.683	3.151	162.781	5	0
3544.4	181.109	12.142	2.813	95.514	3.173	167.141	5	0
3544.5	173.625	10.032	2.813	70.926	3.214	180.051	5	0
3544.6	161.77	7.52	2.814	37.556	3.19	202.38	5	0
3544.7	156.271	6.672	2.81	25.383	3.135	212.477	5	2
3544.8	154.292	6.378	2.809	21.344	3.111	215.793	4	2
3544.9	151.869	6.046	2.808	17.332	3.069	218.985	4	2
3545	151.587	5.924	2.81	15.248	2.993	224.046	3	2
3545.1	152.34	5.674	2.819	14.385	2.892	234.584	3	2
3545.2	153.045	5.507	2.828	15.347	2.857	240.847	3	2
3545.3	153.349	5.461	2.829	15.614	2.843	241.857	3	2
3545.4	153.859	5.44	2.825	15.72	2.821	239.681	3	2
3545.5	154.073	5.438	2.812	15.721	2.815	236.135	3	2
3545.6	154.013	5.643	2.793	16.417	2.874	245.016	3	2
3545.7	153.857	5.994	2.786	17.2	2.967	252.701	4	2
3545.8	153.825	6.181	2.785	17.518	3.022	246.935	4	2
3545.9	153.853	6.58	2.787	18.01	3.15	216.447	4	2
3546	154.113	6.622	2.793	18.824	3.235	177.64	4	2
3546.1	154.241	6.01	2.804	21.264	3.266	156.621	4	2
3546.2	153.745	5.084	2.803	23.222	3.221	179.828	4	2
3546.3	153.444	4.59	2.802	24.197	3.196	212.146	4	2
3546.4	152.736	3.544	2.795	26.135	3.143	317.551	5	2
3546.5	152.491	2.732	2.791	27.55	3.076	693.885	5	2
3546.6	152.955	1.996	2.781	29.435	3.119	1788.327	5	0
3546.7	153.13	1.989	2.775	30.836	3.317	2805.987	5	0
3546.8	153.047	2.075	2.772	31.789	3.431	3137.877	5	0
3546.9	152.549	2.423	2.766	34.189	3.691	3450.448	5	0
3547	152.198	3.079	2.763	37.79	3.883	3124.348	2	0
3547.1	154.527	4.505	2.765	50.095	4.047	1914.729	2	0
3547.2	159.027	5.932	2.772	66.213	4.022	1045.267	2	0
3547.3	161.568	6.688	2.776	74.023	3.985	736.954	2	0
3547.4	167.212	8.277	2.784	89.114	3.866	371.604	5	0
3547.5	172.143	9.549	2.788	93.512	3.71	348.162	5	0
3547.6	176.986	10.843	2.787	88.654	3.539	347.892	5	0
3547.7	177.631	10.882	2.778	78.54	3.49	328.174	5	0
3547.8	177.17	10.647	2.775	72.121	3.474	320.506	5	0
3547.9	174.703	9.676	2.77	56.624	3.457	309.533	5	0
3548	168.793	8.068	2.768	41.366	3.45	318.93	5	0
3548.1	158.02	6.1	2.763	24.484	3.445	337.451	4	2
3548.2	152.539	5.831	2.76	19.287	3.445	337.498	4	2
3548.3	150.603	5.696	2.761	17.51	3.436	332.164	4	2
3548.4	148.33	5.428	2.765	15.589	3.401	310.936	4	2
3548.5	148.449	5.419	2.77	15.516	3.299	288.857	4	2
3548.6	149.694	5.616	2.77	16.018	3.185	262.217	4	2
3548.7	150.404	5.708	2.762	16.191	3.152	252.326	4	2
3548.8	150.63	5.735	2.758	15.962	3.141	250.756	4	2
3548.9	150.83	5.749	2.752	14.878	3.132	254.295	4	2
3549	150.658	5.772	2.749	13.845	3.151	261.815	4	2
3549.1	150.664	5.948	2.748	14.037	3.226	262.233	4	2
3549.2	151.233	6.133	2.753	14.564	3.284	257.509	4	2
3549.3	151.603	6.193	2.757	15.065	3.317	259.536	4	2
3549.4	152.511	6.245	2.768	16.537	3.391	272.252	4	0
3549.5	153.485	6.046	2.785	20.322	3.451	311.802	4	0
3549.6	155.228	5.651	2.81	30.145	3.439	397.971	5	0
3549.7	157.064	5.727	2.817	41.729	3.387	447.744	5	0
3549.8	158.084	5.91	2.818	48.012	3.358	454.611	5	0
3549.9	160.321	6.562	2.819	61.518	3.297	432.711	5	0
3550	161.817	7.551	2.815	68.107	3.273	530.518	5	0
3550.1	161.562	8.49	2.803	65.72	3.289	900.959	5	0
3550.2	160.53	8.258	2.79	61.203	3.3	1160.368	5	0
3550.3	160.42	8.064	2.784	61.372	3.294	1175.597	5	0
3550.4	161.003	7.522	2.77	66.504	3.262	979.807	5	0
3550.5	163.651	7.457	2.758	74.718	3.258	703.081	5	0
3550.6	166.719	8.061	2.75	76.418	3.315	574.979	5	0
3550.7	165.295	8.13	2.752	64.688	3.306	702.61	5	0
3550.8	163.825	7.963	2.754	57.682	3.313	729.972	5	0
3550.9	159.395	7.233	2.759	41.452	3.35	712.537	5	0
3551	154.313	6.209	2.77	30.047	3.433	567.425	5	0
3551.1	148.979	5.101	2.791	21.193	3.42	393.08	4	0
3551.2	147.515	4.701	2.801	19.631	3.349	359.505	4	0
3551.3	147.053	4.525	2.805	19.166	3.318	359.939	4	0
3551.4	146.667	4.219	2.812	18.862	3.267	394.829	4	0
3551.5	146.663	3.929	2.819	19.474	3.252	646.629	4	0
3551.6	146.404	3.555	2.829	21.531	3.229	2003.165	4	0
3551.7	145.774	3.357	2.831	23.626	3.224	4474.314	4	0
3551.8	145.41	3.267	2.831	24.647	3.218	6084.682	4	0
3551.9	144.587	3.106	2.831	26.628	3.202	10038.058	5	0
3552	143.935	3.027	2.826	28.025	3.201	13596.178	5	0
3552.1	143.435	3.149	2.812	28.725	3.267	17148.275	5	0
3552.2	143.599	3.432	2.801	28.283	3.352	17564.127	5	0
3552.3	143.846	3.612	2.796	28.039	3.399	17300.484	5	0
3552.4	144.664	4.046	2.788	27.507	3.499	15842.783	5	0
3552.5	146.359	4.615	2.785	27.227	3.532	12308.99	5	0
3552.6	150.265	5.424	2.78	27.2	3.525	5782.53	5	0
3552.7	153.609	5.584	2.777	27.614	3.497	4073.61	5	0
3552.8	155.164	5.536	2.774	27.83	3.501	3984.342	5	0
3552.9	158.034	5.184	2.767	28.279	3.546	5318.069	5	0
3553	159.074	4.566	2.76	29.051	3.51	6085.98	5	0
3553.1	157.113	3.998	2.749	29.781	3.47	4676.183	5	0
3553.2	154.097	3.954	2.743	29.519	3.54	6072.746	2	0
3553.3	152.696	3.93	2.742	29.252	3.581	7962.646	2	0
3553.4	150.111	3.878	2.741	28.451	3.673	14087.566	2	0
3553.5	148.803	3.708	2.748	27.589	3.741	18567.9	2	0
3553.6	148.007	3.452	2.77	26.668	3.787	16065.752	2	0
3553.7	147.523	3.287	2.786	27.38	3.768	11845.627	5	0
3553.8	147.198	3.192	2.794	27.812	3.745	10601.354	5	0
3553.9	146.388	2.978	2.808	28.825	3.673	9829.463	5	0
3554	145.572	2.759	2.813	28.645	3.581	10318.289	5	0
3554.1	144.809	2.64	2.812	27.999	3.469	13928.64	5	0
3554.2	144.494	2.783	2.812	27.537	3.407	18538.111	5	0
3554.3	144.301	2.886	2.811	27.356	3.371	20797.943	5	0
3554.4	143.845	3.154	2.808	27.095	3.29	25217.871	5	0
3554.5	143.311	3.462	2.806	27.485	3.371	25151.627	5	0
3554.6	142.937	3.872	2.804	28.039	3.452	24759.545	5	0
3554.7	143.261	4.131	2.808	28.285	3.45	26467.002	5	0
3554.8	143.567	4.229	2.81	28.305	3.443	25487.855	5	0
3554.9	144.461	4.363	2.815	28.14	3.421	19913.029	5	0
3555	145.95	4.595	2.819	28.034	3.381	10229.157	5	0
3555.1	148.352	5	2.826	28.31	3.293	2817.279	5	0
3555.2	149.024	4.952	2.829	28.609	3.245	3955.802	5	0
3555.3	148.991	4.826	2.83	28.645	3.219	4770.37	5	0
3555.4	148.195	4.371	2.83	28.492	3.165	6880.193	5	0
3555.5	146.629	3.772	2.82	28.592	3.086	6385.288	5	0
3555.6	145.352	3.129	2.799	28.071	2.974	4723.878	5	0