DEPTH	AC	CNL	DEN	GR	PE	RLLD	Litho_Pre	RES_ZY
3435	209.3739929	37.696	2.868000031	182.0619965	4.56400013	31.26000023	2	2
3435.125	212.7429962	38.676	2.825000048	190.9459992	4.538000107	27.9659996	2	2
3435.25	213.5549927	39.338	2.789999962	199.7409973	4.527999878	24.20100021	2	2
3435.375	212.4790039	39.005	2.782999992	206.1029968	4.554999828	19.96199989	2	2
3435.5	210.0780029	38.339	2.798000097	209.5119934	4.620999813	16.23600006	2	2
3435.625	209.0440064	38.019	2.812999964	214.3910065	4.705999851	13.59799957	5	5
3435.75	211.6190033	37.822	2.802999973	219.720993	4.764999867	11.85099983	2	2
3435.875	214.9680023	38.088	2.769000053	219.6519928	4.761000156	10.91699982	2	2
3436	215.5070038	39.036	2.739000082	217.5899963	4.714000225	10.70100021	2	2
3436.125	214.3890076	39.033	2.733999968	220.7359924	4.679999828	10.98400021	2	2
3436.25	215.5310059	37.939	2.75	226.2319946	4.662000179	11.56599999	2	2
3436.375	219.0679932	36.945	2.765000105	223.9779968	4.602000237	12.35200024	2	2
3436.5	222.0950012	35.541	2.766000032	210.4140015	4.478000164	13.76200008	2	2
3436.625	227.253006	33.064	2.763000011	185.8439941	4.347000122	16.54800034	2	2
3436.75	216.2660065	29.537	2.776000023	155.5930023	4.276000023	21.65399933	2	2
3436.875	190.095993	25.271	2.806999922	124.9100037	4.251999855	29.80400085	2	2
3437	173.9210053	20.874	2.839999914	93.5530014	4.210000038	40.07699966	2	2
3437.125	165.2369995	17.056	2.858999968	64.10600281	4.125	45.01900101	5	5
3437.25	160.6199951	14.324	2.868000031	44.86100006	4.034999847	43.6949997	2	2
3437.375	160.2510071	13.07	2.871000052	42.38000107	3.98300004	38.79399872	2	2
3437.5	165.375	13.183	2.868999958	54.1949997	3.964999914	33.15800095	5	5
3437.625	176.3450012	14.097	2.857000113	71.05200195	3.95600009	28.77899933	5	5
3437.75	190.1419983	15.08	2.836999893	79.50099945	3.930999994	27.00099945	5	5
3437.875	196.6320038	15.304	2.822000027	71.28399658	3.905999899	28.39299965	5	5
3438	196.5140076	14.408	2.822999954	53.3370018	3.921999931	32.65499878	5	5
3438.125	193.3329926	12.786	2.842999935	37.98500061	4.004000187	40.18799973	5	5
3438.25	188.5950012	11.152	2.869999886	29.08099937	4.104000092	51.99100113	5	5
3438.375	183.5659943	9.91	2.884999991	24.47599983	4.150000095	67.48000336	5	5
3438.5	178.0800018	9.218	2.878999949	21.80400085	4.116000176	87.55699921	5	5
3438.625	172.8280029	8.916	2.859999895	19.38500023	4.050000191	109.4909973	5	5
3438.75	168.4779968	8.665	2.839999914	17.59000015	4.005000114	128.5209961	4	4
3438.875	165.3800049	8.254	2.825000048	14.99600029	3.980000019	145.6450043	4	4
3439	164.3289948	7.703	2.812000036	12.93000031	3.944999933	161.1909943	4	4
3439.125	164.6060028	7.233	2.799999952	12.50199986	3.887000084	163.8070068	4	4
3439.25	165.7700043	7.019	2.786999941	13.76200008	3.819000006	148.595993	4	4
3439.375	168.3410034	7.023	2.778000116	16.02400017	3.755000114	128.1009979	4	4
3439.5	172.4869995	7.084	2.779999971	18.3409996	3.701999903	109.6159973	4	4
3439.625	175.6109924	7.074	2.79399991	18.89800072	3.65899992	96.92500305	4	4
3439.75	175.7230072	7.064	2.813999891	19.09600067	3.618999958	92.86499786	4	4
3439.875	173.3359985	7.258	2.829999924	21.32299995	3.584000111	99.0039978	4	4
3440	170.2050018	7.679	2.836999893	23.29800034	3.563999891	114.7050018	4	4
3440.125	167.7160034	8.22	2.835000038	22.37999916	3.562999964	134.4360046	4	4
3440.25	168.3619995	8.899	2.821000099	20.5	3.569999933	145.5269928	4	4
3440.375	176.1300049	9.73	2.798000097	21.18099976	3.562000036	139.6609955	4	4
3440.5	197.2969971	10.632	2.772000074	24.25300026	3.526000023	114.5830002	4	4
3440.625	221.473999	11.481	2.749000073	28.92300034	3.463999987	86.23100281	5	5
3440.75	239.8899994	12.236	2.723999977	43.27799988	3.388000011	66.79399872	2	2
3440.875	248.2810059	13.127	2.693000078	77.47200012	3.302999973	56.95399857	2	2
3441	250.4320068	14.178	2.661000013	123.2429962	3.213999987	60.18999863	2	2
3441.125	245.0809937	14.694	2.638999939	156.4960022	3.134999991	81.52999878	2	2
3441.25	230	14.039	2.638000011	168.1399994	3.085999966	121.3050003	2	2
3441.375	209.9700012	12.412	2.661000013	158.0110016	3.088000059	188.4129944	5	5
3441.5	190.1589966	10.429	2.703999996	124.8909988	3.138000011	289.4129944	2	2
3441.625	173.8569946	8.903	2.750999928	82.44100189	3.210000038	392.9559937	5	5
3441.75	163.0189972	8.087	2.786999941	52.70299912	3.267999888	462.5700073	5	5
3441.875	157.3509979	7.728	2.808000088	41.30099869	3.298000097	507.4750061	5	5
3442	155.3139954	7.652	2.816999912	39.26399994	3.298000097	539.5230103	5	5
3442.125	154.8959961	7.567	2.819000006	34.09199905	3.27699995	543.2689819	5	5
3442.25	154.9589996	7.287	2.815999985	25.95999908	3.247999907	499.1940002	5	5
3442.375	155.371994	7.016	2.812999964	20.09199905	3.232000113	402.3859863	4	4
3442.5	156.1109924	7.031	2.812000036	17.38999939	3.249000073	287.0799866	4	4
3442.625	157.9539948	7.536	2.811000109	19.69099999	3.309000015	189.3659973	4	4
3442.75	162.8760071	8.657	2.808000088	31.77899933	3.395999908	127.4919968	5	5
3442.875	171.378006	10.24	2.803999901	57.60599899	3.473999977	97.98699951	5	5
3443	181.4519959	11.911	2.798000097	97.76999664	3.503999949	94.31600189	5	5
3443.125	187.8600006	13.07	2.788000107	133.0460053	3.476000071	113.3000031	5	5
3443.25	187.3119965	13.041	2.779999971	134.4539948	3.426000118	154.052002	5	5
3443.375	179.7709961	11.511	2.780999899	100.5250015	3.407000065	210.8329926	5	5
3443.5	170.2700043	9.327	2.792000055	60.9659996	3.424999952	255.9559937	5	5
3443.625	163.102005	7.448	2.805000067	35.0699997	3.447999954	275.6679993	5	5
3443.75	158.7960053	6.197	2.815999985	22.69400024	3.440999985	280.5960083	4	4
3443.875	156.5310059	5.476	2.825000048	17.93700028	3.411000013	280.7990112	4	4
3444	155.3110046	5.1	2.832000017	17.74900055	3.385999918	277.5450134	4	4
3444.125	154.6150055	4.992	2.836999893	20.37800026	3.375999928	265.8160095	4	4
3444.25	154.2230072	5.137	2.835000038	23.48699951	3.362999916	231.5240021	4	4
3444.375	154.5619965	5.626	2.819000006	25.56699944	3.334000111	171.9199982	4	4
3444.5	156.3899994	6.716	2.775000095	28.42900085	3.289999962	113.9860001	5	5
3444.625	160.7059937	8.6	2.700000048	38.24599838	3.243999958	73.23400116	2	2
3444.75	172.201004	11.328	2.59800005	63.75799942	3.204999924	49.06200028	2	2
3444.875	192.8699951	14.48	2.492000103	109.1790009	3.164000034	39.07600021	2	2
3445	211.9250031	17.136	2.410000086	156.5449982	3.111999989	37.93299866	2	2
3445.125	221.552002	18.426	2.388000011	179.7120056	3.066999912	42.07400131	2	2
3445.25	219.9420013	18.105	2.434000015	171.8560028	3.059999943	51.2859993	2	2
3445.375	208.8119965	16.672	2.515000105	151.3029938	3.104000092	71.96099854	2	2
3445.5	195.0769959	14.988	2.589999914	137.904007	3.180000067	122.5680008	2	2
3445.625	180.8379974	13.63	2.647000074	134.470993	3.263000011	211.779007	2	2
3445.75	166.6950073	12.487	2.697999954	128.5599976	3.342999935	374.3619995	2	2
3445.875	156.4570007	10.793	2.750999928	104.651001	3.431999922	660.5050049	5	5
3446	151.7279968	8.572	2.799000025	68.53900147	3.530999899	873.1669922	5	5
3446.125	150.6880035	6.613	2.83100009	37.46799851	3.618000031	918.7009888	5	5
3446.25	151.5399933	5.399	2.845000029	22.1779995	3.648000002	940.9719849	4	4
3446.375	152.7899933	4.827	2.845000029	17.64699936	3.611999989	1001.335022	4	4
3446.5	153.7559967	4.626	2.836999893	17.56800079	3.552000046	1098.333008	4	4
3446.625	154.4049988	4.61	2.828000069	18.67099953	3.52699995	1238.748047	4	4
3446.75	154.6170044	4.674	2.823999882	19.26000023	3.536999941	1408.946045	4	4
3446.875	154.4989929	4.722	2.822999954	18.91600037	3.539999962	1546.80603	4	4
3447	154.3139954	4.708	2.825999975	17.23399925	3.50699997	1571.886963	4	4
3447.125	153.9470062	4.629	2.83100009	15.2329998	3.453000069	1489.754028	4	4
3447.25	153.3289948	4.51	2.835999966	16.14900017	3.414000034	1332.899048	4	4
3447.375	153.4980011	4.533	2.838999987	19.4829998	3.413000107	1100.800049	4	4
3447.5	155.2570038	4.894	2.838999987	22.79899979	3.446000099	810.3839722	4	4
3447.625	159.0740051	5.634	2.835000038	27.06599999	3.483999968	552.3439941	5	5
3447.75	165.0780029	6.715	2.825000048	33.89799881	3.499000073	365.4660034	5	5
3447.875	173.576004	8.192	2.809999943	45.06600189	3.484999895	235.5740051	5	5
3448	182.6710053	10.028	2.790999889	59.76100159	3.453000069	163.5950012	5	5
3448.125	188.7799988	11.832	2.773000002	76.29799652	3.420000076	139.2039948	5	5
3448.25	191.0189972	13.167	2.760999918	95.97100067	3.395999908	142.1860046	5	5
3448.375	188.9230042	13.71	2.75699997	112.0739975	3.385999918	169.1369934	5	5
3448.5	182.3739929	13.172	2.762000084	109.2310028	3.385999918	208.2409973	5	5
3448.625	172.2640076	11.558	2.769999981	84.78500366	3.385999918	227.776001	5	5
3448.75	162.9880066	9.624	2.780999899	53.29100037	3.384999991	207.973999	5	5
3448.875	157.1340027	8.12	2.792999983	29.81599999	3.390000105	168.2039948	5	5
3449	154.5740051	7.332	2.803999901	19.72400093	3.400000095	131.8119965	5	5
3449.125	154.9120026	7.13	2.808000088	17.40600014	3.407999992	105.7109985	5	5
3449.25	156.9629974	7.165	2.806999922	16.70499992	3.414000034	90.02999878	4	4
3449.375	159.0679932	7.202	2.805000067	15.56299973	3.424000025	83.74099731	4	4
3449.5	160.4029999	7.242	2.805999994	15.4630003	3.433000088	85.09799957	4	4
3449.625	160.8560028	7.337	2.809000015	17.19300079	3.430000067	91.66400147	4	4
3449.75	160.8079987	7.45	2.808000088	18.35499954	3.414000034	97.78600311	4	4
3449.875	160.8229981	7.489	2.805000067	17.40999985	3.395999908	98.85700226	4	4
3450	161.2949982	7.377	2.801000118	14.79300022	3.384999991	97.85500336	4	4
3450.125	162.279007	7.188	2.795000076	12.89299965	3.382999897	101.1380005	4	4
3450.25	163.3860016	7.115	2.785000086	12.71700001	3.384999991	112.6439972	4	4
3450.375	164.2290039	7.283	2.775000095	12.90200043	3.375	135.2380066	4	4
3450.5	164.9060059	7.635	2.765000105	13.20600033	3.348999977	175.4440002	4	4
3450.625	165.4440002	7.971	2.753999949	13.55000019	3.315000057	241.0039978	4	4
3450.75	165.4170075	8.126	2.746000052	13.11100006	3.288000107	350.5889893	4	4
3450.875	164.0169983	8.053	2.749000073	12.50399971	3.280999899	544.526001	4	4
3451	161.3240051	7.655	2.76699996	14.14700031	3.296000004	867.7369995	4	4
3451.125	157.8059998	6.919	2.796999931	17.21899986	3.328999996	1389.958984	4	4
3451.25	154.5780029	6.135	2.825000048	18.56399918	3.368999958	1982.765991	4	4
3451.375	152.4779968	5.611	2.844000101	18.30999947	3.400000095	2330.270996	4	4
3451.5	151.3190002	5.405	2.852999926	17.69000053	3.411999941	2379.61792	3	3
3451.625	150.8970032	5.401	2.857000113	17.36400032	3.404999971	2208.343994	4	4
3451.75	151.1269989	5.5	2.859999895	17.27799988	3.388000011	1920.182983	3	3
3451.875	151.7610016	5.667	2.861000061	18.40999985	3.375	1585.732056	1	1
3452	152.9900055	5.903	2.858999968	21.13599968	3.375999928	1225.406006	4	4
3452.125	154.852005	6.156	2.855999947	24.46800041	3.388000011	887.802002	5	5
3452.25	156.6300049	6.399	2.854000092	29.49200058	3.403000116	667.1920166	5	5
3452.375	157.7169952	6.679	2.849999905	36.85800171	3.415999889	566.552002	5	5
3452.5	158.026001	6.864	2.845000029	44.16699982	3.431999922	561.8670044	5	5
3452.625	157.5279999	6.69	2.842999935	46.22200012	3.457999945	598.5130005	5	5
3452.75	156.3220062	6.237	2.845999956	41.375	3.483999968	668.4310303	5	5
3452.875	154.6399994	5.806	2.84800005	33.58000183	3.496999979	774.2739868	5	5
3453	153.0809937	5.487	2.845999956	26.76300049	3.494999886	766.1979981	5	5
3453.125	152.5269928	5.372	2.838000059	23.61800003	3.484999895	618.9390259	4	4
3453.25	153.9839935	5.679	2.825000048	26.88299942	3.457000017	424.1080017	5	5
3453.375	159.2189941	6.604	2.801000118	35.66899872	3.394999981	254.5149994	5	5
3453.5	168.5859985	8.289	2.753000021	45.60900116	3.298000097	141.9700012	5	5
3453.625	177.3500061	10.424	2.671999931	56.63999939	3.174999952	89.2009964	2	2
3453.75	180.9100037	12.482	2.58100009	78.09799957	3.040999889	67.45600128	5	5
3453.875	178.654007	14.063	2.523999929	104.7109985	2.924000025	60.85499954	5	5
3454	172.9830017	14.052	2.535000086	112.7229996	2.877000094	63.97200012	5	5
3454.125	171.2420044	12.357	2.599999905	100.6139984	2.931999922	77.85600281	5	5
3454.25	170.4620056	10.245	2.680000067	81.35900116	3.088000059	109.9069977	5	5
3454.375	167.048996	8.515	2.740999937	65.96199799	3.286999941	157.548996	5	5
3454.5	163	7.386	2.77699995	60.04700089	3.45600009	204.2380066	5	5
3454.625	159.776001	7.038	2.792999983	62.10499954	3.549999952	238.7380066	5	5
3454.75	158.4019928	7.295	2.799999952	62.95000076	3.568000078	225.102005	5	5
3454.875	159.2709961	7.872	2.798000097	58.4129982	3.53399992	179.4369965	5	5
3455	163.2039948	8.669	2.78399992	56.1269989	3.467999935	139.1150055	5	5
3455.125	171.5610046	9.681	2.753999949	62.97600174	3.390000105	115.5059967	5	5
3455.25	182.25	10.908	2.717999935	79.1190033	3.322000027	107.574997	2	2
3455.375	190.7660065	12.023	2.694000006	98.85900116	3.28399992	115.9329987	2	2
3455.5	194.9230042	12.586	2.693000078	110.5279999	3.286000013	133.576004	2	2
3455.625	194.0540009	12.385	2.710000038	105.4580002	3.335000038	153.0500031	5	5
3455.75	186.8390045	11.253	2.734999895	82.71900177	3.421999931	172.0279999	5	5
3455.875	176.2779999	9.536	2.75699997	55.01800156	3.519000053	192.3880005	5	5
3456	166.5789948	7.983	2.776000023	40.90000153	3.59800005	216.5930023	5	5
3456.125	160.1790009	7.03	2.79399991	30.85499954	3.638999939	239.3809967	5	5
3456.25	156.7339935	6.521	2.809000015	23.73900032	3.634000063	252.6300049	4	4
3456.375	155.4940033	6.157	2.816999912	18.89100075	3.585000038	259.3890076	4	4
3456.5	155.1300049	5.844	2.819000006	15.98400021	3.503999949	264.6650085	4	4
3456.625	155	5.576	2.819999933	15.5	3.411000013	266.2130127	4	4
3456.75	154.8040009	5.272	2.821000099	16.28800011	3.326999903	264.8479919	4	4
3456.875	154.4640045	4.949	2.822999954	17	3.273000002	264.5570068	4	4
3457	154.2940064	4.703	2.825999975	17.64699936	3.253000021	267.5090027	4	4
3457.125	154.4459992	4.573	2.829999924	17.28899956	3.259999991	273.3970032	4	4
3457.25	154.7290039	4.534	2.832000017	16.20100021	3.28399992	279.8190002	4	4
3457.375	155.1609955	4.55	2.834000111	16.44199944	3.319999933	286.4769898	4	4
3457.5	155.701004	4.578	2.835000038	17.64500046	3.361000061	291.5669861	4	4
3457.625	156.4490051	4.592	2.836999893	17.35400009	3.397000074	295.6749878	4	4
3457.75	157.4089966	4.605	2.835999966	15.83199978	3.417000055	301.6499939	4	4
3457.875	158.2440033	4.644	2.835000038	15.02099991	3.40899992	309.0889893	4	4
3458	158.8849945	4.733	2.835999966	15.70699978	3.367000103	313.6499939	4	4
3458.125	160.0149994	4.923	2.836999893	18.05900002	3.303999901	304.1380005	4	4
3458.25	162.6779938	5.344	2.835999966	22.06800079	3.24000001	275.723999	4	4
3458.375	166.3589935	6.043	2.829999924	28.04599953	3.191999912	241.6100006	5	5
3458.5	169.8509979	6.939	2.822999954	41.0359993	3.167999983	217.9479981	5	5
3458.625	172.352005	7.829	2.818000078	62.54999924	3.174000025	212.173996	5	5
3458.75	172.927002	8.349	2.815000057	80.66899872	3.209000111	223.1320038	5	5
3458.875	170.9790039	8.085	2.815000057	79.78299713	3.25699997	253.9400024	5	5
3459	167.5820007	7.229	2.815000057	64.80699921	3.296999931	310.1289978	5	5
3459.125	164.2740021	6.321	2.812999964	50.09600067	3.319000006	382.3670044	5	5
3459.25	161.4669952	5.714	2.812999964	42.39799881	3.315999985	444.7189941	5	5
3459.375	159.3029938	5.297	2.815999985	37.95199966	3.298000097	498.7929993	5	5
3459.5	157.6080017	4.84	2.822000027	32.35800171	3.285000086	553.5189819	5	5
3459.625	156.3480072	4.441	2.826999903	27.43499947	3.298000097	586.6099854	5	5
3459.75	155.9559937	4.297	2.829999924	26.18199921	3.335000038	569.2459717	4	4
3459.875	156.5440064	4.457	2.829999924	28.29299927	3.378999949	507.1010132	5	5
3460	158.401001	4.843	2.828999996	32.54399872	3.407999992	423.9179993	5	5
3460.125	161.1560059	5.354	2.828999996	40.5320015	3.415999889	351.5289917	5	5
3460.25	163.4660034	5.885	2.83100009	51.59600067	3.417999983	305.144989	5	5
3460.375	164.121994	6.386	2.834000111	59.54700089	3.430999994	270.9339905	5	5
3460.5	163.6699982	6.761	2.835999966	59.38700104	3.460999966	237.2059937	5	5
3460.625	163.2519989	6.905	2.834000111	54.625	3.505000114	208.6649933	5	5
3460.75	163.8370056	7.005	2.826999903	55.56100082	3.552000046	186.5330048	5	5
3460.875	166.6419983	7.263	2.815999985	62.9090004	3.599999905	172.8679962	5	5
3461	170.9579926	7.554	2.805000067	70.01300049	3.651000023	172.6569977	5	5
3461.125	174.0740051	7.626	2.795000076	73.23300171	3.71600008	183.1970062	5	5
3461.25	175.4880066	7.408	2.788000107	69.42900085	3.802000046	200.154007	5	5
3461.375	176.1139984	7.146	2.782999992	61.38000107	3.890000105	222.0399933	2	2
3461.5	176.1060028	7.199	2.778000116	62.93600082	3.950000048	234.9989929	2	2
3461.625	176.1660004	7.642	2.773000002	74.95200348	3.954999924	227.5650024	2	2
3461.75	176.7570038	8.195	2.770999908	80.97000122	3.884000063	213.8139954	2	2
3461.875	176.720993	8.647	2.772000074	77.51100159	3.762000084	205.0130005	5	5
3462	175.6889954	8.945	2.776000023	76.19200134	3.642999888	200.9470062	5	5
3462.125	174.6190033	8.977	2.782000065	82.31199646	3.573999882	204.503006	5	5
3462.25	172.9720001	8.678	2.788000107	84.57299805	3.559000015	217.3079987	5	5
3462.375	170.1190033	8.173	2.792999983	77.25800324	3.575000048	231.5399933	5	5
3462.5	168.2030029	7.675	2.795000076	69.10199738	3.596999884	238.970993	5	5
3462.625	168.4230042	7.252	2.79399991	64.21099854	3.625	243.2709961	5	5
3462.75	170.076004	6.879	2.789000034	62.68099976	3.701999903	255.2720032	5	5
3462.875	172.1289978	6.511	2.780999899	66.54399872	3.859999895	282.2900085	2	2
3463	173.5460053	6.08	2.769999981	70.65200043	4.090000153	331.0299988	2	2
3463.125	173.3339996	5.579	2.753999949	66.45999908	4.336999893	412.1199951	2	2
3463.25	171.6399994	5.053	2.736999989	57.70199966	4.53399992	506.54599	2	2
3463.375	170.0679932	4.613	2.721999884	50.72200012	4.635000229	577.7230225	2	2
3463.5	169.9830017	4.412	2.711999893	48.11199951	4.629000187	613.3909912	2	2
3463.625	170.6040039	4.451	2.707000017	49.02099991	4.547999859	615.8229981	2	2
3463.75	170.5310059	4.673	2.70600009	51.11399841	4.434000015	568.8079834	2	2
3463.875	170.3630066	5.122	2.709000111	50.8390007	4.324999809	461.9909973	2	2
3464	171.5350037	5.824	2.714999914	48.70899963	4.243999958	340.4159851	2	2
3464.125	175.7489929	6.717	2.720999956	51.26399994	4.197999954	244.8789978	2	2
3464.25	181.9869995	7.727	2.726999998	67.1969986	4.170000076	184.352005	2	2
3464.375	188.1519928	8.773	2.734999895	94.78500366	4.133999825	150.2550049	2	2
3464.5	192.897995	9.576	2.740999937	114.8809967	4.05700016	132.2140045	2	2
3464.625	195.0910034	9.819	2.733999968	110.3550034	3.921999931	121.7730026	2	2
3464.75	194.2070007	9.605	2.704999924	89.67299652	3.744999886	119.3990021	2	2
3464.875	193.1560059	9.413	2.671000004	76.12999725	3.576999903	138.0679932	2	2
3465	191.0429993	9.325	2.660000086	77.4940033	3.453999996	181.5839996	2	2
3465.125	185.2859955	8.766	2.687000036	77.7539978	3.378000021	251.6940002	2	2
3465.25	173.8860016	7.456	2.737999916	61.68500137	3.335000038	380.6409912	5	5
3465.375	163.3609924	6.014	2.788000107	38.34199905	3.315000057	558.5189819	5	5
3465.5	157.2359924	5.027	2.822000027	22.15299988	3.312999964	619.2969971	4	4
3465.625	155.7649994	4.692	2.835999966	17.40399933	3.325000048	517.4650269	4	4
3465.75	158.0690002	5.002	2.836999893	20.43799973	3.335999966	381.6019898	4	4
3465.875	162.970993	5.888	2.83100009	31.45700073	3.336999893	280.7049866	5	5
3466	168.7890015	7.186	2.825999975	52.86899948	3.33100009	218.8549957	5	5
3466.125	173.6049957	8.507	2.821000099	79.74900055	3.322999954	195.3730011	5	5
3466.25	175.2259979	9.296	2.816999912	97.60900116	3.318000078	200.2460022	5	5
3466.375	173.3910065	9.264	2.811000109	94.37200165	3.312999964	216.7230072	5	5
3466.5	169.3529968	8.653	2.805999994	75.55799866	3.302999973	230.6029968	5	5
3466.625	165.2039948	8.071	2.802000046	52.81800079	3.295000076	232.9920044	5	5
3466.75	163.9320068	7.862	2.796000004	39.16899872	3.292999983	224.701004	5	5
3466.875	166.7769928	8.046	2.789000034	41.5870018	3.295000076	215.5019989	5	5
3467	171.2619934	8.567	2.782999992	55.58399963	3.29399991	213.0269928	5	5
3467.125	173.5690002	9	2.78399992	65.51699829	3.289000034	219.7669983	5	5
3467.25	171.7339935	8.951	2.792999983	62.56499863	3.28399992	230.875	5	5
3467.375	168.2070007	8.609	2.808000088	51.83300018	3.289999962	231.3899994	5	5
3467.5	166.3029938	8.271	2.822999954	45.68099976	3.309000015	220.7599945	5	5
3467.625	166.1369934	8.14	2.832000017	50.25899887	3.335000038	206.8329926	5	5
3467.75	166.7050018	8.314	2.834000111	60.9280014	3.35800004	196.1820068	5	5
3467.875	166.5310059	8.583	2.832000017	67.73699951	3.368000031	193.5839996	5	5
3468	164.8419952	8.605	2.829999924	68.4509964	3.361000061	200.5919952	5	5
3468.125	163.0879974	8.361	2.826999903	63.42399979	3.348999977	211.4929962	5	5
3468.25	163.6710053	8.222	2.821000099	55.93600082	3.352999926	214.9470062	5	5
3468.375	167.4929962	8.593	2.805999994	52.48799896	3.381000042	199.8840027	5	5
3468.5	176.776001	9.407	2.779000044	53.87400055	3.424000025	173.7980042	5	5
3468.625	190.3600006	10.329	2.743000031	60.44599915	3.464999914	155.8079987	5	5
3468.75	195.6069946	11.102	2.714999914	73.24099731	3.493999958	150.9909973	2	2
3468.875	194.6490021	11.406	2.707999945	85.47299957	3.509000063	154.6230011	2	2
3469	188.1699982	11.057	2.724999905	87.16799927	3.522000074	167.1390076	2	2
3469.125	180.0529938	10.349	2.753000021	78.76100159	3.555000067	184.2660065	5	5
3469.25	175.0379944	9.862	2.770999908	73.16799927	3.615999937	186.973999	5	5
3469.375	174.8379974	9.871	2.775000095	77.01799774	3.687000036	177.5449982	5	5
3469.5	177.1660004	10.11	2.772000074	89.05899811	3.743999958	174.6190033	5	5
3469.625	178.8309937	10.161	2.769999981	100.5009995	3.789000034	185.5859985	2	2
3469.75	177.4550018	9.622	2.775000095	98.68000031	3.83100009	214.3840027	2	2
3469.875	173.074997	8.389	2.786000013	80.68199921	3.867000103	265.651001	5	5
3470	168.0160065	6.917	2.798000097	58.68600082	3.898999929	336.0249939	5	5
3470.125	164.8009949	5.742	2.805999994	44.68799973	3.946000099	402.2070007	5	5
3470.25	164.227005	5.002	2.805999994	41.52000046	4.032999992	445.2550049	2	2
3470.375	165.8059998	4.656	2.799000025	44.56299973	4.175000191	472.5979919	2	2
3470.5	167.8760071	4.593	2.786999941	49.57600021	4.359000206	505.4309998	2	2
3470.625	169.2579956	4.593	2.776000023	54.88499832	4.519000053	569.1699829	2	2
3470.75	169.4190064	4.561	2.770999908	55.95399857	4.568999767	676.3049927	2	2
3470.875	168.1600037	4.509	2.773999929	49.36800003	4.456999779	810.1660156	2	2
3471	165.727005	4.428	2.779999971	38.20299912	4.243000031	926.4910278	2	2
3471.125	163.2579956	4.306	2.786000013	28.97699928	4.039000034	966.6149902	2	2
3471.25	161.6750031	4.236	2.790999889	27.75499916	3.907000065	898.4290161	5	5
3471.375	161.5269928	4.342	2.798000097	31.39100075	3.825999975	732.5689697	5	5
3471.5	163.1660004	4.616	2.809000015	38.10100174	3.755000114	548.5239868	5	5
3471.625	165.7129974	4.994	2.819999933	51.70299912	3.683000088	413.473999	5	5
3471.75	167.9369965	5.436	2.825999975	67.20200348	3.615999937	337.1979981	5	5
3471.875	168.8280029	5.772	2.822999954	74.6989975	3.559999943	314.7890015	5	5
3472	167.6380005	5.704	2.815999985	70.54399872	3.51699996	336.0020142	5	5
3472.125	164.8860016	5.172	2.809999943	57.34799957	3.487999916	382.0750122	5	5
3472.25	162.3589935	4.569	2.808000088	42.08300018	3.480000019	427.1019898	5	5
3472.375	161.4989929	4.323	2.808000088	34.60400009	3.5	433.0480042	5	5
3472.5	162.7299957	4.509	2.808000088	39.56100082	3.549999952	392.2929993	5	5
3472.625	165.5350037	5.061	2.805000067	55.24499893	3.631000042	338.8670044	5	5
3472.75	168.3769989	5.921	2.799000025	74.39499664	3.723999977	293.8880005	5	5
3472.875	170.4309998	6.957	2.792999983	89.15599823	3.792999983	261.6539917	5	5
3473	171.923996	7.743	2.789999962	93.85900116	3.812000036	249.4459992	5	5
3473.125	172.4850006	7.916	2.792000055	89.68900299	3.799999952	264.7219849	5	5
3473.25	171.7830048	7.504	2.796999931	81.40799713	3.788000107	306.973999	5	5
3473.375	169.9949951	6.688	2.802000046	72.65599823	3.773000002	360.4750061	5	5
3473.5	167.3829956	5.678	2.806999922	62.62200165	3.74000001	418.5629883	5	5
3473.625	164.6069946	4.83	2.811000109	51.125	3.701999903	489.375	5	5
3473.75	162.5650024	4.4	2.812999964	47.17900085	3.694000006	549.3150024	5	5
3473.875	161.345993	4.247	2.811000109	50.31100082	3.719000101	573.242981	5	5
3474	160.3860016	4.047	2.809999943	49.74399948	3.730000019	590.0490112	5	5
3474.125	159.3829956	3.759	2.812999964	41.81700134	3.686000109	607.9140015	5	5
3474.25	158.8179932	3.599	2.822000027	33.67699814	3.588000059	588.5830078	5	5
3474.375	159.3739929	3.721	2.834000111	32.31800079	3.461999893	534.7930298	5	5
3474.5	160.9369965	4.063	2.842999935	36.38100052	3.339999914	490.1440125	5	5
3474.625	162.6100006	4.544	2.846999884	44.42100143	3.253999949	467.1430054	5	5
3474.75	163.1499939	5.041	2.846999884	53.16400147	3.232000113	455.9599915	5	5
3474.875	162.2610016	5.331	2.846999884	53.86299896	3.265000105	443.3599854	5	5
3475	160.6820068	5.297	2.848999977	44.10100174	3.321000099	406.7489929	5	5
3475.125	160.1900024	5.284	2.851000071	33.28900147	3.378999949	337.0559998	5	5
3475.25	162.4349976	5.745	2.852999926	32.56499863	3.430000067	262.3299866	5	5
3475.375	167.9320068	6.825	2.849999905	47.81800079	3.471999884	202.6809998	5	5
3475.5	175.0590057	8.243	2.844000101	73.35199738	3.5	164.6959992	5	5
3475.625	181.0559998	9.515	2.835000038	95.64199829	3.513999939	147.1459961	5	5
3475.75	183.9340057	10.192	2.826999903	108.3209992	3.52699995	146.9519959	5	5
3475.875	183.3029938	10.14	2.819999933	109.7630005	3.549999952	159.1309967	5	5
3476	180.503006	9.596	2.812999964	98.26000214	3.575999975	178.2129974	5	5
3476.125	177.2319946	8.899	2.808000088	77.46900177	3.584000111	201.0939941	5	5
3476.25	175.1340027	8.32	2.806999922	63.79100037	3.569999933	226.8639984	5	5
3476.375	174.3110046	7.997	2.806999922	67.1190033	3.542999983	257.2739868	5	5
3476.5	173.5859985	7.832	2.805999994	80.57800293	3.509000063	298.7489929	5	5
3476.625	171.7709961	7.483	2.805999994	87.51599884	3.460000038	353.9070129	5	5
3476.75	168.5209961	6.737	2.808000088	78.10600281	3.397000074	411.5759888	5	5
3476.875	164.6750031	5.891	2.812000036	59.20299912	3.345999956	447.1870117	5	5
3477	161.6490021	5.341	2.818000078	43.72200012	3.326999903	458.0830078	5	5
3477.125	160.0140076	5.141	2.823999882	37.60400009	3.33100009	453.1369934	5	5
3477.25	159.2369995	5.117	2.828000069	37.88800049	3.334000111	438.6419983	5	5
3477.375	158.8099976	5.059	2.83100009	39.51200104	3.329999924	424.2380066	5	5
3477.5	158.5910034	4.858	2.835000038	38.69900131	3.328000069	413.9119873	5	5
3477.625	158.6399994	4.726	2.839999914	35.55799866	3.332000017	394.1480103	5	5
3477.75	159.4629974	4.923	2.845000029	32.88999939	3.342999935	357.9020081	5	5
3477.875	161.477005	5.487	2.84800005	35.07699966	3.362999916	311.5700073	5	5
3478	164.3309937	6.265	2.845000029	44.6969986	3.38199997	271.6350098	5	5
3478.125	167.3170013	7.068	2.838000059	57.23099899	3.394000053	242.5500031	5	5
3478.25	170.2180023	7.723	2.83100009	66.38899994	3.417000055	223.4230042	5	5
3478.375	172.348999	8.072	2.826999903	73.40799713	3.46600008	221.1069946	5	5
3478.5	172.7550049	8.092	2.826999903	82.0719986	3.536999941	242.3670044	5	5
3478.625	170.9960022	7.956	2.828000069	86.14299774	3.601999998	285.2179871	5	5
3478.75	167.4329987	7.676	2.828999996	78.54399872	3.632999897	345.5750122	5	5
3478.875	162.9629974	7.052	2.826999903	61.75799942	3.611000061	423.6170044	5	5
3479	159.220993	6.233	2.822999954	43.93399811	3.552999973	490.9790039	5	5
3479.125	157.4290009	5.671	2.816999912	32.25299835	3.500999928	500.1350098	5	5
3479.25	157.9609985	5.632	2.811000109	29.03800011	3.483999968	455.4930115	5	5
3479.375	159.7559967	6.076	2.805999994	34.57300186	3.486999989	388.2099915	5	5
3479.5	162.0429993	6.81	2.801000118	45.1230011	3.486000061	323.2099915	5	5
3479.625	164.5359955	7.602	2.799000025	55.51699829	3.474999905	271.0610046	5	5
3479.75	166.8370056	8.261	2.801000118	61.8199997	3.461999893	236.3430023	5	5
3479.875	168.904007	8.749	2.806999922	65.89800263	3.460999966	216.3419952	5	5
3480	170.9429932	9.183	2.815000057	69.9509964	3.489000082	201.621994	5	5
3480.125	172.6430054	9.578	2.819999933	75.17700195	3.549000025	193.6790009	5	5
3480.25	173.9530029	9.837	2.818000078	79.83899689	3.625999928	193.6300049	5	5
3480.375	175.2510071	9.925	2.809000015	80.87999725	3.688999891	194.3829956	5	5
3480.5	176.3170013	9.948	2.799000025	80.93900299	3.710000038	198.9940033	5	5
3480.625	176.326004	10.051	2.79399991	84.91999817	3.673000097	213.5800018	5	5
3480.75	174.5	10.145	2.79399991	91.50299835	3.588999987	236.4640045	5	5
3480.875	170.9660034	10.062	2.799999952	90.51399994	3.496999979	268.9719849	5	5
3481	166.4819946	9.664	2.809000015	74.5510025	3.431999922	309.3590088	5	5
3481.125	162.5850067	8.907	2.821000099	52.85599899	3.405999899	337.0599976	5	5
3481.25	160.701004	8.141	2.83100009	40.79299927	3.407000065	337.9809876	5	5
3481.375	160.7279968	7.761	2.838999987	41.64500046	3.411000013	316.4440002	5	5
3481.5	161.875	7.782	2.839999914	47.24100113	3.403000116	285.1029968	5	5
3481.625	163.4230042	8.063	2.835999966	51.97000122	3.381000042	253.4810028	5	5
3481.75	164.9100037	8.446	2.828000069	55.1230011	3.355000019	230.7510071	5	5
3481.875	166.2910004	8.757	2.819000006	56.45700073	3.328999996	222.6670075	5	5
3482	167.6940002	8.95	2.812000036	55.80500031	3.305000067	226.2669983	5	5
3482.125	168.8820038	9.096	2.805000067	55.93000031	3.295000076	243.3049927	5	5
3482.25	169.4380035	9.229	2.798000097	58.54299927	3.312999964	263.9649963	5	5
3482.375	169.2019959	9.369	2.792000055	63.27199936	3.354000092	279.3349915	5	5
3482.5	168.0740051	9.502	2.789999962	66.48999786	3.392999888	297.8420105	5	5
3482.625	166.548996	9.498	2.789000034	63.50500107	3.413000107	319.2420044	5	5
3482.75	165.4700012	9.326	2.789000034	57.04800034	3.414999962	342.1109924	5	5
3482.875	165.2319946	9.113	2.790999889	54.15800095	3.417000055	387.8330078	5	5
3483	165.4290009	8.828	2.790999889	55.05500031	3.441999912	459.4530029	5	5
3483.125	165.496994	8.358	2.786999941	56.89899826	3.509000063	524.2910156	5	5
3483.25	165.3090057	7.628	2.776000023	59.85499954	3.627000094	600.9439697	5	5
3483.375	165.128006	6.601	2.759000063	59.09600067	3.803999901	697.9760132	2	2
3483.5	165.154007	5.406	2.737999916	48.94599915	4.058000088	789.7670288	2	2
3483.625	165.7129974	4.345	2.71600008	34.69100189	4.356999874	839.5269775	2	2
3483.75	167.2649994	3.7	2.697999954	26.11899948	4.611000061	736.7910156	2	2
3483.875	169.2369995	3.68	2.687000036	26.02000046	4.706999779	507.8890076	2	2
3484	170.6410065	4.263	2.684999943	27.76499939	4.624000073	303.4750061	2	2
3484.125	171.529007	5.283	2.687000036	27.31200028	4.421000004	171.9669952	2	2
3484.25	171.6029968	6.509	2.693000078	25.3409996	4.171000004	96.66699982	2	2
3484.375	170.1940002	7.613	2.698999882	23.68700028	3.937999964	61.32099915	1	1
3484.5	167.826004	8.315	2.707000017	23.4640007	3.766000032	47.26900101	1	1
3484.625	165.9069977	8.626	2.719000101	22.46500015	3.671999931	40.49000168	1	1
3484.75	165.2109985	8.796	2.730999947	20.50399971	3.624000073	36.07099915	1	1
3484.875	166.3240051	9.012	2.736999989	19.06699944	3.585000038	32.15000153	1	1
3485	168.9060059	9.309	2.73300004	17.47299957	3.552000046	27.37999916	1	1
3485.125	172.1360016	9.682	2.724999905	16.27199936	3.542999983	22.32399941	5	5
3485.25	175.2550049	10.131	2.713999987	15.58199978	3.556999922	18.47200012	1	1
3485.375	177.4700012	10.494	2.703000069	15.97399998	3.575999975	16.43000031	1	1
3485.5	178.2579956	10.664	2.696000099	17.04999924	3.592000008	16.02700043	1	1
3485.625	177.5429993	10.694	2.694999933	19.19899941	3.621999979	16.99300003	1	1
3485.75	175.9329987	10.649	2.700000048	21.65800095	3.684999943	18.9659996	1	1
3485.875	174.3820038	10.674	2.704999924	21.43400002	3.762000084	21.26799965	1	1
3486	173.7030029	10.98	2.704999924	19.24200058	3.798000097	22.37700081	1	1
3486.125	173.9259949	11.382	2.698999882	17.81100082	3.767999888	21.93799973	1	1
3486.25	174.4479981	11.419	2.690999985	17.30200005	3.700000048	21.21500015	1	1
3486.375	174.1719971	10.796	2.687000036	16.36300087	3.651000023	22.36599922	1	1
3486.5	172.7510071	9.659	2.686000109	16.72299957	3.65899992	27.91699982	1	1
3486.625	170.352005	8.259	2.690000057	19.03800011	3.737999916	40.88000107	1	1
3486.75	167.345993	6.814	2.696000099	21.38500023	3.888999939	65.28299713	1	1
3486.875	164.4190064	5.643	2.70600009	23.62599945	4.077000141	102.1500015	1	1
3487	162.4259949	5.041	2.717000008	26.36800003	4.197000027	142.3939972	2	2
3487.125	161.8540039	5.034	2.732000113	26.95000076	4.147999764	166.3029938	2	2
3487.25	162.5079956	5.41	2.749000073	23.13800049	3.944999933	177.3139954	1	1
3487.375	163.2510071	5.702	2.766000032	18.40999985	3.723999977	199.8950043	1	1
3487.5	163.0269928	5.549	2.77699995	18.44400024	3.614000082	266.8080139	4	4
3487.625	161.6519928	5.028	2.782999992	23.66500092	3.65199995	402.2950134	4	4
3487.75	159.5269928	4.417	2.782999992	30.93199921	3.796999931	642.8629761	5	5
3487.875	157.477005	3.903	2.779000044	36.0909996	3.95600009	948.2069702	2	2
3488	156.371994	3.571	2.775000095	36.38299942	4.038000107	1143.233032	2	2
3488.125	156.5919952	3.484	2.773999929	31.40999985	3.99000001	1097.248047	2	2
3488.25	158.022995	3.656	2.776000023	26.6420002	3.835999966	886.65802	2	2
3488.375	160.9109955	4.121	2.778000116	28.68000031	3.651000023	617.7600098	5	5
3488.5	165.3869934	4.942	2.780999899	42.23600006	3.515000105	399.8829956	5	5
3488.625	171.0690002	6.109	2.782000065	62.84299851	3.463000059	258.0759888	5	5
3488.75	177.2109985	7.445	2.778000116	82.68199921	3.480000019	175.9199982	5	5
3488.875	182.973999	8.58	2.772000074	97.62999725	3.532000065	134.3410034	5	5
3489	187.6170044	9.28	2.767999888	108.1869965	3.614000082	115.6569977	5	5
3489.125	190.6390076	9.506	2.763999939	114.6070023	3.736000061	112.612999	2	2
3489.25	191.3600006	9.166	2.759000063	115.5309982	3.904999971	124.6050034	2	2
3489.375	189.177002	8.314	2.753999949	110.4560013	4.110000134	152.8200073	2	2
3489.5	184.1320038	7.133	2.75	97.68800354	4.323999882	200.5169983	2	2
3489.625	177.5449982	5.739	2.743999958	77.36399841	4.506000042	274.7569885	2	2
3489.75	171.8040009	4.351	2.737999916	58.14599991	4.622000217	376.29599	2	2
3489.875	168.4799957	3.295	2.73300004	49.86600113	4.668000221	479.4590149	2	2
3490	167.2940064	2.72	2.729000092	48.85599899	4.665999889	574.3109741	2	2
3490.125	167.1750031	2.582	2.726000071	48.68899918	4.625999928	656.1209717	2	2
3490.25	166.6959992	2.724	2.726999998	46.64199829	4.53000021	647.1329956	2	2
3490.375	165.7839966	2.983	2.732000113	42.40299988	4.361999989	588.4359741	2	2
3490.5	164.7319946	3.212	2.742000103	35.66400147	4.146999836	524.7540283	2	2
3490.625	163.5299988	3.243	2.755000114	27.72900009	3.980000019	482.7789917	2	2
3490.75	162.4219971	2.968	2.76699996	22.02099991	3.950000048	470.7630005	1	1
3490.875	161.4170075	2.511	2.773000002	19.90200043	4.059999943	481.6619873	1	1
3491	160.6690064	2.22	2.77699995	19.69899941	4.195000172	495.4370117	1	1
3491.125	160.4060059	2.306	2.779999971	21.52700043	4.22300005	491.8529968	1	1
3491.25	160.7810059	2.806	2.786999941	24.77199936	4.076000214	468.2640076	1	1
3491.375	161.5200043	3.64	2.796999931	29.01099968	3.819000006	432.9219971	5	5
3491.5	162.3209992	4.615	2.809000015	34.43399811	3.571000099	386.2130127	5	5
3491.625	163.1609955	5.446	2.819000006	41.47600174	3.411999941	360.9649963	5	5
3491.75	164.0859985	6.054	2.822999954	49.49399948	3.339999914	363.8229981	5	5
3491.875	164.8110046	6.491	2.822000027	56.43099976	3.321000099	410.4700012	5	5
3492	165.1809998	6.659	2.815999985	57.34500122	3.332999945	502.0549927	5	5
3492.125	165.0200043	6.443	2.803999901	50.6570015	3.371999979	623.5949707	5	5
3492.25	164.449997	5.865	2.789000034	40.24499893	3.448999882	771.3759766	5	5
3492.375	164.8650055	5.203	2.776000023	31.0340004	3.562999964	687.1630249	5	5
3492.5	167.3399963	4.779	2.767999888	27.51600075	3.664000034	533.0369873	5	5
3492.625	170.9440002	4.751	2.765000105	32.38299942	3.719000101	437.1499939	2	2
3492.75	173.3209992	5.006	2.76699996	41.72900009	3.75699997	395.3710022	2	2
3492.875	173.0700073	5.249	2.773000002	50.30899811	3.802000046	402.0339966	5	5
3493	169.8650055	5.355	2.785000086	53.73300171	3.812000036	477.8680115	5	5
3493.125	165.7089996	5.372	2.799000025	50.41699982	3.743999958	614.9050293	5	5
3493.25	162.7910004	5.263	2.812999964	43.15399933	3.618999958	670.7890015	5	5
3493.375	162.0180054	5.07	2.822000027	34.87099838	3.493999958	614.4890137	5	5
3493.5	163.0299988	5.031	2.825000048	28.93099976	3.417999983	504.4930115	5	5
3493.625	165.576004	5.347	2.822000027	27.70700073	3.407999992	373.8049927	5	5
3493.75	169.8710022	6.014	2.815000057	34.22700119	3.46600008	261.8099976	5	5
3493.875	175.4349976	6.875	2.803999901	51.29899979	3.578999996	183.9810028	5	5
3494	181.9120026	7.749	2.786000013	75.88999939	3.719000101	139.6119995	5	5
3494.125	187.6779938	8.409	2.766000032	94.38400269	3.819000006	129.9120026	2	2
3494.25	189.4989929	8.633	2.75	97.20999908	3.816999912	144.9450073	2	2
3494.375	186.3690033	8.205	2.746999979	88.63600159	3.70600009	178.0839996	2	2
3494.5	179.2859955	7.263	2.759000063	72.91899872	3.558000088	234.3710022	5	5
3494.625	171.6719971	6.369	2.779999971	52.28499985	3.467000008	304.3259888	5	5
3494.75	168.3079987	5.902	2.799000025	38.00099945	3.473999977	336.2200012	5	5
3494.875	168.8190002	5.927	2.805999994	39.02399826	3.536000013	331.678009	5	5
3495	170.1860046	6.37	2.801000118	49.66400147	3.585999966	319.2650147	5	5
3495.125	170.1519928	6.877	2.79399991	57.8409996	3.585000038	317.2569885	5	5
3495.25	167.4459992	7.065	2.789999962	58.86399841	3.539999962	339.1960144	5	5
3495.375	163.1239929	6.946	2.79399991	54.18299866	3.47300005	380.381012	5	5
3495.5	159.2290039	6.714	2.799999952	47.46300125	3.395999908	420.1619873	5	5
3495.625	156.2649994	6.511	2.802000046	41.67300034	3.319000006	434.3160095	5	5
3495.75	154.7100067	6.552	2.792999983	35.59899902	3.250999928	393.1350098	5	5
3495.875	155.5110016	7.205	2.763999939	30.17399979	3.203999996	291.519989	5	5
3496	159.3880005	8.733	2.707000017	32.18600082	3.174000025	181.878006	2	2
3496.125	166.654007	11.069	2.617000103	48.47200012	3.148999929	105.4369965	2	2
3496.25	176.0970001	13.438	2.509999991	76.97699738	3.127000094	65.77999878	2	2
3496.375	188.1349945	15.024	2.41899991	105.1289978	3.134999991	50.48799896	2	2
3496.5	203.2910004	15.507	2.385999918	120.6660004	3.230000019	49.66400147	2	2
3496.625	214.7940064	14.666	2.41899991	119.0550003	3.430000067	57.48899841	2	2
3496.75	220.0930023	13.048	2.484999895	106.1839981	3.664999962	72.62000275	2	2
3496.875	216.2870026	11.842	2.545000076	94.28900147	3.825999975	93.66500092	2	2
3497	205.6439972	11.329	2.589999914	91.95700073	3.897000074	128.0659943	2	2
3497.125	193.0599976	10.945	2.631000042	94.65599823	3.963999987	217.0370026	2	2
3497.25	177.1490021	10.1	2.670000076	93.85199738	4.122000217	387.4509888	2	2
3497.375	166.4539948	8.679	2.703000069	83.42900085	4.366000176	670.6149902	2	2
3497.5	160.8139954	6.901	2.724999905	64.72699738	4.625	1096.43103	2	2
3497.625	157.9790039	5.217	2.73300004	46.55500031	4.822000027	1434.360962	2	2
3497.75	158.3650055	4.034	2.732000113	35.4090004	4.913000107	1286.149048	2	2
3497.875	161.0050049	3.57	2.730999947	32.25999832	4.887000084	897.3400269	2	2
3498	164.8190002	3.881	2.734999895	35.73300171	4.741000176	586.7130127	2	2
3498.125	168.5130005	4.742	2.744999886	44.84299851	4.505000114	387.0559998	2	2
3498.25	172.1569977	5.839	2.757999897	58.42200089	4.230999947	309.6199951	2	2
3498.375	174.1710053	6.868	2.772000074	68.98300171	3.976999998	323.973999	2	2
3498.5	173.0700073	7.516	2.782000065	70.85600281	3.765000105	393.4639893	5	5
3498.625	169.0010071	7.556	2.789000034	63.64300156	3.592000008	506.3269959	5	5
3498.75	163.6369934	7.151	2.795000076	51.92699814	3.461999893	621.9819946	5	5
3498.875	159.2449951	6.689	2.801000118	44.18199921	3.387000084	679.3839722	5	5
3499	157.302002	6.409	2.805000067	43.4109993	3.35800004	676.96698	5	5
3499.125	157.3540039	6.279	2.808000088	42.12599945	3.351000071	647.5939941	5	5
3499.25	158.9490051	6.251	2.808000088	37.07400131	3.357000113	584.8880005	5	5
3499.375	162.3309937	6.345	2.806999922	33.38399887	3.381000042	480.6119995	5	5
3499.5	167.3150024	6.55	2.803999901	34.90399933	3.427000046	365.5639954	5	5
3499.625	173.0639954	6.954	2.801000118	39.83300018	3.480999947	272.0409851	5	5
3499.75	177.6699982	7.642	2.796999931	50.84799957	3.522000074	214.9429932	5	5
3499.875	179.6880035	8.449	2.792999983	71	3.542999983	188.0800018	5	5
3500	178.4089966	9.131	2.789999962	96.08999634	3.553999901	184.5249939	5	5
3500.125	174.0299988	9.329	2.789999962	112.0370026	3.552999973	203.8300018	5	5
3500.25	168.6289978	8.814	2.792999983	107.2320023	3.526000023	239.0099945	5	5
3500.375	164.2389984	7.868	2.798000097	84.26399994	3.48300004	277.8819885	5	5
3500.5	161.4530029	7.019	2.802999973	60.86100006	3.45600009	310.8429871	5	5
3500.625	159.8220062	6.502	2.805999994	48.50500107	3.463000059	336.4599915	5	5
3500.75	159.1119995	6.26	2.809000015	45.95299912	3.486999989	354.7019959	5	5
3500.875	159.3179932	6.118	2.812000036	44.26599884	3.509999991	358.4410095	5	5
3501	160.5890045	5.944	2.816999912	40.57699966	3.532000065	348.3129883	5	5
3501.125	163.1100006	5.691	2.818000078	41.50600052	3.58100009	341.8049927	5	5
3501.25	165.9060059	5.395	2.812000036	51.89199829	3.684000015	361.7470093	5	5
3501.375	167.7669983	5.054	2.799000025	64.5	3.844000101	428.8649902	5	5
3501.5	167.5919952	4.491	2.782999992	63.47999954	4.019999981	564.8850098	2	2
3501.625	165.6710053	3.619	2.766000032	50.26800156	4.142000198	815.2080078	2	2
3501.75	163.1390076	2.693	2.752000094	35.51100159	4.172999859	1155.125977	2	2
3501.875	160.7960053	2.106	2.743999958	27.00799942	4.145999908	1313.102051	2	2
3502	158.4589996	1.974	2.743999958	23.7840004	4.097000122	1254.829956	1	1
3502.125	156.3399963	2.234	2.753000021	23.26099968	3.999000073	1120.168945	1	1
3502.25	154.7299957	2.783	2.770999908	24	3.829999924	951.236023	1	1
3502.375	153.727005	3.497	2.790999889	25.98999977	3.632999897	770.507019	5	5
3502.5	154.470993	4.209	2.805999994	28.79400063	3.49000001	621.4959717	5	5
3502.625	156.5130005	4.794	2.812000036	31.9640007	3.443000078	521.1669922	5	5
3502.75	158.5930023	5.333	2.811000109	37.79299927	3.470000029	454.1820068	5	5
3502.875	160.7220001	5.848	2.808000088	44.91899872	3.525000095	402.1289978	5	5
3503	162.8769989	6.11	2.802999973	46.70600128	3.566999912	352.553009	5	5
3503.125	164.2590027	6.104	2.796999931	43.56499863	3.585000038	320.4309998	5	5
3503.25	164.8000031	6.109	2.792999983	44.02099991	3.575000048	313.105011	5	5
3503.375	164.3379974	6.209	2.790999889	45.55500031	3.538000107	318.1979981	5	5
3503.5	162.4600067	6.253	2.792999983	41.78099823	3.484999895	332.0899963	5	5
3503.625	160.0729981	6.145	2.796000004	35.0719986	3.440000057	353.2640076	5	5
3503.75	158.5729981	5.934	2.798000097	30.49600029	3.423000097	364.144989	5	5
3503.875	158.9089966	5.738	2.795000076	28.9659996	3.430000067	357.6860046	5	5
3504	160.4649963	5.588	2.786000013	29.22200012	3.440999985	351.5849915	5	5
3504.125	162.0800018	5.445	2.773999929	28.39900017	3.444000006	359.8229981	5	5
3504.25	163.3209992	5.4	2.763999939	25.04899979	3.437999964	369.1499939	5	5
3504.375	163.6940002	5.494	2.757999897	23.54299927	3.420000076	377.9159851	4	4
3504.5	163.2850037	5.639	2.75699997	23.40200043	3.381000042	391.7810059	5	5
3504.625	162.4190064	5.788	2.765000105	20.73800087	3.322999954	417.3930054	4	4
3504.75	161.3930054	5.86	2.77699995	16.75499916	3.266000032	456.8569946	4	4
3504.875	160.7440033	5.767	2.789000034	15.52200031	3.23300004	501.0480042	4	4
3505	160.6549988	5.564	2.796999931	20.21800041	3.230000019	565.2269898	3	3
3505.125	160.4279938	5.336	2.802999973	28.08799934	3.240999937	635.8209839	5	5
3505.25	159.7489929	5.117	2.805999994	31.96100044	3.257999897	633.5239868	5	5
3505.375	159.0720062	5.003	2.803999901	27.30699921	3.286999941	581.5560303	5	5
3505.5	159.5269928	5.003	2.796000004	20.25499916	3.335000038	508.2630005	4	4
3505.625	162.0070038	5.087	2.786000013	18.79000092	3.410000086	426.0870056	4	4
3505.75	166.2740021	5.359	2.77699995	26.04199982	3.523999929	348.2309876	5	5
3505.875	171.7960053	5.831	2.769000053	38.84500122	3.681999922	283.5130005	5	5
3506	177.6880035	6.276	2.766000032	52.13199997	3.851000071	249.2879944	2	2
3506.125	182.1580048	6.444	2.76699996	65.49299622	4.005000114	274.2210083	2	2
3506.25	183.6529999	6.21	2.769000053	78.20500183	4.163000107	360.2260132	2	2
3506.375	181.7680054	5.45	2.769000053	81.65200043	4.348999977	534.4910278	2	2
3506.5	176.8110046	4.328	2.767999888	68.73999786	4.527999878	828.4660034	2	2
3506.625	170.4230042	3.236	2.767999888	48.90499878	4.625	1224.916016	2	2
3506.75	164.9490051	2.498	2.769999981	34.40800095	4.580999851	1606.175049	2	2
3506.875	161.0480042	2.217	2.773000002	26.61199951	4.416999817	2065.437988	2	2
3507	158.7649994	2.316	2.779000044	21.27899933	4.201000214	2682.933106	1	1
3507.125	158.0440064	2.646	2.78399992	18.27799988	4.000999928	2815.924072	1	1
3507.25	157.9129944	3.073	2.788000107	19.07399941	3.84800005	2026.621948	4	4
3507.375	158.2460022	3.525	2.792000055	22.27300072	3.729000092	1277.70398	4	4
3507.5	158.996994	3.979	2.799999952	26.37599945	3.622999907	834.1870117	5	5
3507.625	160.2030029	4.447	2.809000015	32.07400131	3.519999981	511.1730042	5	5
3507.75	161.8809967	5.027	2.816999912	40.70100021	3.424000025	353.7520142	5	5
3507.875	164.1609955	5.819	2.819000006	49.02000046	3.349999905	267.2460022	5	5
3508	168.1920013	6.776	2.815000057	54.36000061	3.315999985	200.2059937	5	5
3508.125	173.2859955	7.759	2.805000067	57.76499939	3.329999924	156.1600037	5	5
3508.25	178.2870026	8.674	2.788000107	68.34799957	3.375	128.1569977	5	5
3508.375	182.3820038	9.455	2.766000032	83.63800049	3.431999922	111.185997	5	5
3508.5	184.0180054	10.013	2.74000001	92.3219986	3.463999987	103.2639999	2	2
3508.625	185.0169983	10.268	2.713999987	91.33899689	3.436000109	103.3529968	2	2
3508.75	186.2969971	10.132	2.697999954	84.0739975	3.358999968	111.2170029	2	2
3508.875	185.2769928	9.614	2.697999954	72.60900116	3.296999931	125.3119965	2	2
3509	181.1679993	8.749	2.71600008	60.60400009	3.313999891	143.1109924	2	2
3509.125	175.4539948	7.792	2.746999979	52.1230011	3.407000065	163.1840057	5	5
3509.25	168.5679932	7.367	2.776000023	48.78699875	3.513000011	179.1759949	5	5
3509.375	167.1139984	7.665	2.792000055	48.81399918	3.573999882	185.7949982	5	5
3509.5	171.2980042	8.396	2.792000055	53.11000061	3.575999975	189.2969971	5	5
3509.625	176.1589966	9.221	2.785000086	64.4240036	3.53399992	201.048996	5	5
3509.75	178.7749939	9.744	2.780999899	76.3259964	3.470000029	228.6199951	5	5
3509.875	176.9160004	9.511	2.786000013	75.16600037	3.405999899	280.0960083	5	5
3510	171.1730042	8.73	2.796999931	58.24599838	3.35800004	359.3009949	5	5
3510.125	166.8860016	7.928	2.805000067	37.6629982	3.338000059	430.9750061	5	5
3510.25	165.0809937	7.324	2.808000088	24.22900009	3.355999947	453.7999878	4	4
3510.375	163.9089966	6.971	2.805999994	19.3010006	3.407999992	423.6499939	4	4
3510.5	163.4640045	6.971	2.802000046	19.9109993	3.474999905	358.9760132	4	4
3510.625	164.2189941	7.385	2.799999952	24.62800026	3.530999899	290.2579956	4	4
3510.75	165.6150055	8.148	2.801000118	31.53499985	3.555999994	235.2539978	5	5
3510.875	167.7290039	9.118	2.802000046	39.50400162	3.551000118	194.552002	5	5
3511	169.8000031	9.91	2.802000046	47.97800064	3.526000023	172.6239929	5	5
3511.125	170.1649933	10.269	2.801000118	55.5719986	3.483999968	169.246994	5	5
3511.25	168.25	10.263	2.796999931	62.58200073	3.434000015	174.7019959	5	5
3511.375	164.5359955	9.934	2.786000013	64.72599793	3.400000095	177.875	5	5
3511.5	160.7109985	9.46	2.759999991	57.24300003	3.400000095	171.4409943	5	5
3511.625	158.7920075	9.302	2.707000017	43.22299957	3.421000004	143.0010071	2	2
3511.75	162.371994	9.822	2.627000094	34.77199936	3.424999952	102.3089981	2	2
3511.875	171.7310028	10.89	2.540999889	36.34700012	3.388999939	71.1269989	2	2
3512	185.220993	11.875	2.49000001	45.54100037	3.332999945	55.57400131	2	2
3512.125	195.0420075	11.81	2.500999928	57.19900131	3.292999983	54.37200165	2	2
3512.25	193.5410004	10.358	2.569000006	63.85300064	3.285000086	69.75099945	2	2
3512.375	179.9689941	8.53	2.65899992	59.67100143	3.303999901	109.7369995	5	5
3512.5	167.1990051	7.21	2.733999968	48.15599823	3.351999998	177.449997	2	2
3512.625	157.8320007	6.458	2.779000044	36.10699844	3.427000046	266.2479858	5	5
3512.75	151.6779938	6.184	2.802999973	29.99500084	3.496999979	369.0599976	5	5
3512.875	150.1100006	6.233	2.815000057	28.95599937	3.516000032	443.7820129	5	5
3513	152.0119934	6.364	2.825999975	27.98399925	3.476000071	460.6700134	5	5
3513.125	156.2310028	6.557	2.836999893	27.12599945	3.421000004	429.4159851	5	5
3513.25	162.0200043	6.909	2.845000029	29.3390007	3.397000074	381.6040039	5	5
3513.375	168.5839996	7.337	2.84800005	36.91600037	3.427000046	328.3280029	5	5
3513.5	173.6900024	7.678	2.842999935	46.6969986	3.522000074	293.1960144	5	5
3513.625	176.0440064	7.84	2.83100009	52.48799896	3.674999952	277.4989929	5	5
3513.75	176.1710053	7.749	2.813999891	51.17699814	3.855000019	267.2349854	5	5
3513.875	175.1600037	7.543	2.796000004	47.1969986	4.000999928	250.0500031	2	2
3514	173.845993	7.547	2.782999992	47.17499924	4.059999943	224.0240021	2	2
3514.125	172.7339935	7.963	2.775000095	51.88999939	4.019999981	197.3099976	2	2
3514.25	171.9669952	8.602	2.773999929	55.26300049	3.911000013	179.0670013	2	2
3514.375	170.9069977	9.14	2.778000116	56.22900009	3.775000095	171.3200073	5	5
3514.5	168.9889984	9.34	2.78399992	56.69300079	3.653000116	172.4889984	5	5
3514.625	166.7230072	9.149	2.789000034	56.10699844	3.585999966	181.1170044	5	5
3514.75	164.8320007	8.64	2.789000034	54.01100159	3.595000029	196.4409943	5	5
3514.875	164.5930023	7.918	2.78399992	50.24599838	3.686000109	218.1690064	5	5
3515	165.923996	7.103	2.775000095	47.72399902	3.842999935	246.6049957	2	2
3515.125	168.0440064	6.303	2.760999918	49.81000137	4.040999889	284.9639893	2	2
3515.25	170.3990021	5.606	2.743999958	53.54399872	4.251999855	332.644989	2	2
3515.375	172.4570007	5.057	2.730000019	54.11700058	4.452000141	383.9259949	2	2
3515.5	173.8280029	4.652	2.721999884	54.06000137	4.626999855	437.3670044	2	2
3515.625	174.2769928	4.367	2.720000029	53.93399811	4.761000156	497.605011	2	2
3515.75	173.7920075	4.194	2.72300005	51.60800171	4.836999893	559.4639893	2	2
3515.875	172.3370056	4.027	2.730999947	47.00899887	4.831999779	612.78302	2	2
3516	169.6620026	3.797	2.740999937	42.88600159	4.737999916	652.5139771	2	2
3516.125	166.2969971	3.619	2.753000021	39.71300125	4.553999901	652.3880005	2	2
3516.25	163.1349945	3.608	2.769000053	35.73899841	4.288000107	565.4379883	2	2
3516.375	161.2030029	3.818	2.789000034	32.24700165	3.996999979	433.8859863	2	2
3516.5	161.5720062	4.333	2.809000015	33.63700104	3.755000114	305.5580139	5	5
3516.625	165.6589966	5.225	2.823999882	41.99900055	3.618999958	207.2519989	5	5
3516.75	173.598999	6.469	2.828000069	53.4640007	3.575000048	146.6660004	5	5
3516.875	182.378006	7.887	2.819000006	66.65899658	3.562000036	120.2829971	5	5
3517	187.3560028	9.08	2.799000025	78.47200012	3.526000023	120.6589966	5	5
3517.125	186.4160004	9.681	2.782000065	81.31800079	3.467000008	141.8630066	5	5
3517.25	180.2079926	9.416	2.778000116	71.48600006	3.421999931	187.2030029	5	5
3517.375	171.2949982	8.306	2.785000086	51.53499985	3.417000055	258.3699951	5	5
3517.5	162.6779938	6.876	2.796000004	33.51100159	3.430999994	333.5859985	5	5
3517.625	157.0769959	5.704	2.805000067	24.36000061	3.424999952	387.302002	4	4
3517.75	154.8890076	4.951	2.812999964	21.28000069	3.388000011	422.9450073	4	4
3517.875	154.4210053	4.539	2.818000078	19.01600075	3.345000029	448.8959961	4	4
3518	154.8209992	4.416	2.822000027	16.71999931	3.33100009	455.3869934	4	4
3518.125	155.7140045	4.498	2.823999882	16.85199928	3.35800004	434.3410034	4	4
3518.25	156.7570038	4.687	2.828000069	19.12100029	3.40899992	383.9830017	4	4
3518.375	157.8569946	5.007	2.829999924	22.11300087	3.457999945	312.973999	4	4
3518.5	160.3009949	5.523	2.828000069	27.31200028	3.49000001	247.1260071	5	5
3518.625	164.0789948	6.21	2.819999933	36.78900147	3.500999928	204.2630005	5	5
3518.75	167.4250031	6.963	2.809000015	49.06100082	3.502000094	188.5350037	5	5
3518.875	168.7610016	7.44	2.802000046	56.77099991	3.515000105	194.5610046	5	5
3519	167.625	7.084	2.799000025	52.50500107	3.562999964	216.8880005	5	5
3519.125	164.923996	6.13	2.796999931	39.94900131	3.654999971	245.9920044	5	5
3519.25	162.6690064	5.349	2.790999889	30.11300087	3.76699996	254.223999	5	5
3519.375	163.0500031	5.17	2.778000116	29.79299927	3.85800004	217.0720062	2	2
3519.5	165.5319977	5.7	2.759999991	35.1590004	3.895999908	162.5480042	2	2
3519.625	168.0919952	6.698	2.737999916	37.15100098	3.865999937	118.4189987	2	2
3519.75	169.4830017	7.502	2.713000059	31.66300011	3.757999897	91.45700073	2	2
3519.875	169.9839935	7.814	2.691999912	22.74099922	3.60800004	80.74099731	1	1
3520	170.6349945	7.78	2.684000015	16.77700043	3.476999998	84.88700104	1	1
3520.125	171.1269989	7.397	2.694000006	15.61600018	3.420000076	105.0930023	1	1
3520.25	170.6470032	6.841	2.71600008	16.14100075	3.443000078	140.503006	1	1
3520.375	168.9309998	6.45	2.737999916	17.76000023	3.519999981	184.9060059	1	1
3520.5	166.3300018	6.329	2.75699997	21.40500069	3.617000103	232.0249939	4	4
3520.625	164.3609924	6.394	2.769999981	30.10199928	3.707999945	277.071991	5	5
3520.75	164.6430054	6.532	2.77699995	42.81700134	3.799000025	307.9909973	5	5
3520.875	166.7230072	6.56	2.773999929	54.1609993	3.944000006	319.2470093	2	2
3521	169.576004	6.338	2.762000084	60.11199951	4.175000191	321.3210144	2	2
3521.125	172.3320007	5.84	2.746999979	60.86299896	4.458000183	329.0310059	2	2
3521.25	173.4759979	5.193	2.73300004	60.38999939	4.704999924	374.2569885	2	2
3521.375	172.4669952	4.505	2.72300005	59.88000107	4.850999832	663.6350098	2	2
3521.5	170.1820068	3.762	2.717000008	56.82699966	4.894000053	1383.694946	2	2
3521.625	167.0350037	2.975	2.711999893	46.66799927	4.890999794	2745.788086	2	2
3521.75	163.5599976	2.233	2.709000111	31.52700043	4.901000023	5283.53418	2	2
3521.875	160.9669952	1.661	2.70600009	20.07399941	4.945000172	8182.253906	0	0
3522	159.3739929	1.289	2.704999924	15.76099968	5	8960.828125	0	0
3522.125	158.529007	1.084	2.70600009	15.06000042	5.040999889	8818.146484	0	0
3522.25	158.2440033	1.014	2.710000038	14.1420002	5.056000233	8688.698242	0	0
3522.375	158.151001	1.019	2.713000059	12.56799984	5.048999786	8365.964844	0	0
3522.5	158.1089935	1.049	2.713999987	12.02299976	5.032999992	7904.02002	0	0
3522.625	158.2819977	1.094	2.713000059	13.58100033	5.013000011	7020.148926	0	0
3522.75	158.6490021	1.179	2.710000038	16.9090004	4.992000103	5410.665039	0	0
3522.875	159.0720062	1.346	2.707000017	21.02300072	4.97300005	3787.831055	0	0
3523	159.6750031	1.662	2.704999924	24.75	4.953000069	2603.48291	0	0
3523.125	161.0599976	2.194	2.703999996	28.9810009	4.921000004	1683.348023	2	2
3523.25	163.5429993	2.957	2.703999996	35.29000092	4.846000195	984.2189941	2	2
3523.375	166.2799988	3.866	2.703999996	44.69400024	4.68200016	597.9450073	2	2
3523.5	169.0220032	4.79	2.707000017	53.18600082	4.414999962	434.6979981	2	2
3523.625	171.0899963	5.425	2.713999987	52.8769989	4.103000164	412.1919861	2	2
3523.75	171.0269928	5.476	2.724999905	43.23500061	3.86500001	536.5269775	2	2
3523.875	168.3419952	5	2.737999916	33.66500092	3.786999941	956.6060181	2	2
3524	165.5350037	4.202	2.746999979	30.81299973	3.901000023	2441.073975	2	2
3524.125	164.0769959	3.295	2.747999907	31.53199959	4.15199995	5216.711914	2	2
3524.25	163.3999939	2.432	2.740999937	30.43700028	4.453999996	10327.44141	2	2
3524.375	162.7559967	1.738	2.730000019	25.375	4.729000092	19397.09375	2	2
3524.5	161.9380035	1.262	2.719000101	20.69199944	4.933000088	26286.5625	0	0
3524.625	161.076004	0.986	2.714999914	19.44199944	5.054999828	28783.26563	0	0
3524.75	160.3930054	0.845	2.717000008	20.81299973	5.113999844	27958.40234	0	0
3524.875	160.0709992	0.773	2.720000029	21.90600014	5.144999981	22481.6543	0	0
3525	160.052002	0.755	2.720000029	21.62199974	5.177999973	19147.55859	0	0
3525.125	160.1549988	0.779	2.719000101	19.58699989	5.211999893	20207.71094	0	0
3525.25	160.1519928	0.811	2.71600008	17.47900009	5.236999989	20512.33203	0	0
3525.375	160.0570068	0.824	2.713999987	16.88299942	5.244999886	18666.06055	0	0
3525.5	159.9839935	0.825	2.713999987	16.93099976	5.237999916	18381.74023	0	0
3525.625	159.9120026	0.806	2.713999987	16.87199974	5.221000195	19891.99609	0	0
3525.75	159.7290039	0.77	2.713000059	16.42300034	5.202000141	21696.07227	0	0
3525.875	159.595993	0.742	2.710999966	16.75900078	5.188000202	24230.90039	0	0
3526	159.7079926	0.719	2.709000111	18.13800049	5.184999943	29794.80078	0	0
3526.125	159.779007	0.701	2.707000017	18.75900078	5.188000202	34447.59766	0	0
3526.25	159.7640076	0.673	2.703000069	17.94599915	5.178999901	35735.84766	0	0
3526.375	159.8540039	0.62	2.698999882	17.70299912	5.149000168	34563.70313	0	0
3526.5	160.0659943	0.591	2.697000027	19.27499962	5.105000019	33246.33984	0	0
3526.625	160.2610016	0.597	2.697000027	20.03700066	5.065000057	29769.45703	0	0
3526.75	160.4279938	0.605	2.697000027	18.4659996	5.043000221	28413.20313	0	0
3526.875	160.5919952	0.617	2.697999954	16.36899948	5.028999806	27175.8125	0	0
3527	160.7579956	0.65	2.697000027	15.9289999	5.013999939	25181.45117	0	0
3527.125	160.7949982	0.701	2.697000027	16.95499992	4.998000145	25446.44336	0	0
3527.25	160.8090057	0.741	2.696000099	17.50699997	4.998000145	26260.39844	0	0
3527.375	160.8029938	0.752	2.694999933	17.5189991	5.021999836	24907.89258	0	0
3527.5	160.7480011	0.746	2.691999912	17.99200058	5.06099987	23913.01367	0	0
3527.625	160.7640076	0.736	2.690999985	18.66200066	5.083000183	25224.1875	0	0
3527.75	160.8390045	0.717	2.691999912	18.7329998	5.066999912	27011.74805	0	0
3527.875	160.8399963	0.7	2.696000099	18.06699944	5.028999806	29996.5332	0	0
3528	160.7850037	0.691	2.700000048	17.38899994	5.007999897	33570.13281	0	0
3528.125	160.6580048	0.68	2.701999903	17.91399956	5.021999836	35946.73828	0	0
3528.25	160.5480042	0.686	2.701999903	20.86000061	5.052000046	36264.27344	0	0
3528.375	160.5570068	0.698	2.703000069	23.54400063	5.066999912	33907.87109	0	0
3528.5	160.5169983	0.699	2.704999924	23.02499962	5.054999828	28069.37695	0	0
3528.625	160.4450073	0.701	2.710000038	20.99399948	5.032999992	21990.17578	0	0
3528.75	160.352005	0.708	2.713999987	21.4260006	5.024000168	18848.58008	0	0
3528.875	160.1710053	0.703	2.71600008	24.4260006	5.031000137	18635.59766	0	0
3529	159.9579926	0.675	2.713999987	25.20000076	5.040999889	21306.05859	0	0
3529.125	159.720993	0.62	2.710999966	23.25399971	5.050000191	27078.68164	0	0
3529.25	159.2929993	0.536	2.70600009	21.87100029	5.06400013	32757.32813	0	0
3529.375	158.8470001	0.441	2.700999975	22.47900009	5.085999966	35155.07813	0	0
3529.5	159.0809937	0.361	2.697000027	23.04899979	5.113999844	34005.90625	0	0
3529.625	159.6920013	0.332	2.696000099	23.08699989	5.135000229	28400.21875	0	0
3529.75	160.2920075	0.376	2.697999954	21.88800049	5.130000114	20474.3418	0	0
3529.875	160.7640076	0.472	2.703000069	20.26000023	5.090000153	13786.98731	0	0
3530	160.9450073	0.585	2.707000017	21.12199974	5.025000095	9035.680664	0	0
3530.125	161.6790009	0.708	2.707000017	23.10499954	4.962999821	5341.229004	0	0
3530.25	163.4989929	0.814	2.703999996	24.20299912	4.940999985	2985.465088	0	0
3530.375	165.4450073	0.87	2.697999954	25.21699905	4.974999905	1972.343018	2	2
3530.5	166.7350006	0.897	2.694000006	27.37599945	5.050000191	2228.388916	2	2
3530.625	166.7870026	0.91	2.691999912	30.27799988	5.124000073	3919.49292	2	2
3530.75	165.2489929	0.83	2.693000078	29.79800034	5.153999806	7964.379883	2	2
3530.875	163.0189972	0.654	2.697000027	24.94599915	5.130000114	15934.04981	0	0
3531	161.1600037	0.466	2.703000069	20.23399925	5.076000214	26590.77539	0	0
3531.125	159.9909973	0.328	2.709000111	19.12800026	5.03000021	34054.77734	0	0
3531.25	159.4470062	0.263	2.713999987	20.03300095	5.013000011	37845.20313	0	0
3531.375	159.1349945	0.264	2.720000029	20.37599945	5.019999981	39542.83203	0	0
3531.5	158.7149963	0.287	2.726000071	19.86000061	5.041999817	39777.88281	0	0
3531.625	158.375	0.29	2.727999926	18.02899933	5.068999767	39533.03125	0	0
3531.75	158.1799927	0.275	2.726000071	16.60099983	5.090000153	39001.82813	0	0
3531.875	157.9779968	0.262	2.720000029	16.66900063	5.100999832	37875.12109	0	0
3532	157.7859955	0.263	2.713000059	16.62400055	5.103000164	37064.16797	0	0
3532.125	157.602005	0.278	2.707000017	15.77499962	5.096000195	37759.05859	0	0
3532.25	157.3289948	0.298	2.704999924	14.70100021	5.072000027	37897.16016	0	0
3532.375	157.0119934	0.357	2.704999924	14.52000046	5.022999764	36408.36328	0	0
3532.5	156.8630066	0.472	2.704999924	14.94699955	4.946000099	33055.29688	0	0
3532.625	156.779007	0.612	2.707000017	15.03899956	4.840000153	28095.70313	0	0
3532.75	156.654007	0.774	2.711999893	15.21100044	4.706999779	21374.43164	0	0
3532.875	156.4320068	0.97	2.720999956	16.00600052	4.554999828	15565.44336	1	1
3533	156.2319946	1.184	2.730999947	16.34799957	4.40500021	12188.9502	1	1
3533.125	156.2039948	1.399	2.739000082	16.15200043	4.281000137	11339.30176	1	1
3533.25	156.3470001	1.594	2.743000031	16.31500053	4.190999985	12477.70508	1	1
3533.375	156.6179962	1.736	2.742000103	16.49200058	4.127999783	15295.04981	1	1
3533.5	156.7769928	1.825	2.742000103	16.81800079	4.089000225	18245.16016	1	1
3533.625	156.7570038	1.862	2.744999886	17.29199982	4.068999767	18781.53711	1	1
3533.75	156.6049957	1.842	2.749000073	18.07099915	4.06799984	17294.10156	1	1
3533.875	156.4329987	1.763	2.752000094	20.05400085	4.093999863	14619.98047	1	1
3534	156.2359924	1.646	2.750999928	22.02899933	4.157000065	12961.33398	1	1
3534.125	156.0820007	1.527	2.746999979	21.71999931	4.250999928	13714.15137	1	1
3534.25	155.9420013	1.444	2.743999958	19.87100029	4.335000038	17697.86523	1	1
3534.375	155.845993	1.386	2.740999937	18.47800064	4.368999958	20494.99219	1	1
3534.5	155.8099976	1.332	2.739000082	17.96699905	4.348999977	19517.89453	1	1
3534.625	155.779007	1.308	2.739000082	18.16200066	4.302999973	18331.85938	1	1
3534.75	155.7290039	1.301	2.742000103	18.15200043	4.260000229	19433.57227	1	1
3534.875	155.7109985	1.285	2.744999886	16.86000061	4.230999947	23032.18555	1	1
3535	155.7420044	1.275	2.746000052	14.95400047	4.228000164	27843.9082	1	1
3535.125	155.8990021	1.227	2.744999886	13.52099991	4.267000198	31545.96094	1	1
3535.25	156.1719971	1.088	2.740999937	13.31400013	4.375	34102.64844	1	1
3535.375	156.4900055	0.903	2.733999968	13.97999954	4.548999786	33840.94141	1	1
3535.5	156.8919983	0.712	2.724999905	14.37699986	4.743999958	29723.33789	0	0
3535.625	157.2259979	0.517	2.717999935	15.39700031	4.896999836	23185.66211	0	0
3535.75	157.3670044	0.347	2.713999987	17.31800079	4.986000061	18570.26172	0	0
3535.875	157.4579926	0.228	2.713999987	18.28199959	5.03000021	18778.55859	0	0
3536	157.4810028	0.146	2.71600008	17.40600014	5.046000004	25370.49023	0	0
3536.125	157.451004	0.086	2.719000101	15.56099987	5.040999889	32546.08008	0	0
3536.25	157.2429962	0.05	2.720999956	13.53600025	5.026000023	36786.89063	0	0
3536.375	156.8789978	0.034	2.720000029	11.17399979	5.017000198	38840.35156	0	0
3536.5	156.5619965	0.042	2.717000008	9.81000042	5.019000053	39798.62109	0	0
3536.625	156.3309937	0.075	2.71600008	10.04300022	5.022999764	40000	0	0
3536.75	156.1419983	0.11	2.71600008	10.72799969	5.019999981	40000	0	0
3536.875	156.0350037	0.134	2.719000101	11.30799961	5.017000198	40000	0	0
3537	156.0099945	0.162	2.723999977	12.1239996	5.028999806	40000	0	0
3537.125	155.9869995	0.187	2.729000092	13.24800015	5.05700016	40000	0	0
3537.25	155.9629974	0.202	2.733999968	14.16499996	5.087999821	40000	0	0
3537.375	155.9799957	0.225	2.737999916	14.85099983	5.111000061	40000	0	0
3537.5	156.0279999	0.251	2.74000001	16.07099915	5.126999855	40000	0	0
3537.625	156.0449982	0.266	2.742000103	16.80599976	5.138999939	39914.22656	0	0
3537.75	156.1170044	0.265	2.744999886	15.24300003	5.145999908	39086.46484	0	0
3537.875	156.3959961	0.255	2.744999886	13.93500042	5.142000198	36962.05078	0	0
3538	156.7960053	0.258	2.743000031	14.44400024	5.111999989	32483.51758	0	0
3538.125	157.0650024	0.303	2.739000082	15.25199986	5.038000107	24456.97266	0	0
3538.25	157.151001	0.398	2.73300004	14.79500008	4.929999828	16860.90234	0	0
3538.375	157.1589966	0.516	2.727999926	13.80700016	4.829999924	13634.30273	0	0
3538.5	157.1829987	0.639	2.723999977	14.50500011	4.782999992	16647.89453	0	0
3538.625	157.2619934	0.76	2.721999884	16.20000076	4.793000221	25536.12305	0	0
3538.75	157.4429932	0.883	2.720999956	17.16600037	4.828999996	33081.57031	0	0
3538.875	157.7960053	1.028	2.720000029	17.40699959	4.857999802	36519.09375	0	0
3539	158.1889954	1.179	2.720999956	16.94799995	4.88199997	37364.76953	0	0
3539.125	158.4219971	1.294	2.721999884	16.70999908	4.927000046	36063.23438	0	0
3539.25	158.5890045	1.357	2.721999884	17.96800041	5.000999928	32249.10742	0	0
3539.375	158.8480072	1.383	2.717999935	19.44099999	5.086999893	30277.19141	0	0
3539.5	159.1499939	1.417	2.711999893	18.75699997	5.159999847	33731.54688	0	0
3539.625	159.3650055	1.469	2.707000017	17.20400047	5.209000111	37018.56641	0	0
3539.75	159.5090027	1.511	2.703999996	16.97999954	5.230000019	38608.00781	0	0
3539.875	159.5690002	1.556	2.70600009	18.3390007	5.227000237	39595.30078	0	0