Depth	AC	CNL	DEN	GR	PE	RLLD	LIMSTONE	LIMSTON_BP	LIMSTON_DT	LIMSTON_SVM	LIMSTON_STACK	LIMSTON_RF	LIMSTON_ADA	LIMSTON_XGB	LIMSTON_GBC
3435.0	209.3739929	37.696	2.868000031	182.0619965	4.56400013	31.260000229999996	2.0	5.0	2.0	5.0	2.0	2.0	5.0	2.0	2.0
3435.125	212.7429962	38.676	2.825000048	190.9459992	4.538000107	27.9659996	2.0	2.0	2.0	2.0	2.0	2.0	5.0	2.0	2.0
3435.25	213.5549927	39.338	2.789999962	199.7409973	4.527999878	24.201000210000007	2.0	2.0	2.0	2.0	2.0	2.0	5.0	2.0	2.0
3435.375	212.4790039	39.005	2.782999992	206.1029968	4.554999828	19.961999889999998	2.0	2.0	2.0	2.0	2.0	2.0	5.0	2.0	2.0
3435.5	210.0780029	38.339	2.798000097	209.5119934	4.620999813	16.236000060000002	2.0	2.0	2.0	2.0	2.0	2.0	5.0	2.0	2.0
3435.625	209.0440064	38.019	2.812999964	214.3910065	4.705999851	13.597999570000002	5.0	2.0	2.0	2.0	2.0	2.0	2.0	2.0	2.0
3435.75	211.6190033	37.822	2.802999973	219.720993	4.764999867	11.850999829999997	2.0	2.0	2.0	2.0	2.0	2.0	2.0	2.0	2.0
3435.875	214.9680023	38.088	2.769000053	219.6519928	4.761000156	10.916999819999997	2.0	2.0	2.0	2.0	2.0	2.0	2.0	2.0	2.0
3436.0	215.5070038	39.036	2.739000082	217.5899963	4.714000225	10.701000209999998	2.0	2.0	2.0	2.0	2.0	2.0	2.0	2.0	2.0
3436.125	214.3890076	39.033	2.733999968	220.7359924	4.679999828	10.984000209999998	2.0	2.0	2.0	2.0	2.0	2.0	2.0	2.0	2.0
3436.25	215.5310059	37.939	2.75	226.2319946	4.662000179	11.56599999	2.0	2.0	2.0	2.0	2.0	2.0	5.0	2.0	2.0
3436.375	219.0679932	36.945	2.765000105	223.9779968	4.602000237	12.35200024	2.0	2.0	2.0	2.0	2.0	2.0	5.0	2.0	2.0
3436.5	222.0950012	35.541	2.766000032	210.4140015	4.478000164	13.762000079999998	2.0	2.0	2.0	2.0	2.0	2.0	5.0	2.0	2.0
3436.625	227.253006	33.064	2.763000011	185.8439941	4.347000122	16.54800034	2.0	2.0	2.0	2.0	2.0	2.0	5.0	2.0	2.0
3436.75	216.2660065	29.537	2.776000023	155.5930023	4.276000023	21.653999329999998	2.0	2.0	2.0	2.0	2.0	2.0	5.0	2.0	2.0
3436.875	190.095993	25.271	2.806999922	124.9100037	4.251999855	29.804000849999994	2.0	2.0	2.0	2.0	2.0	2.0	5.0	2.0	2.0
3437.0	173.9210053	20.874	2.839999914	93.5530014	4.210000038	40.076999660000006	2.0	5.0	2.0	5.0	2.0	2.0	5.0	2.0	2.0
3437.125	165.2369995	17.056	2.858999968	64.10600281	4.125	45.019001010000004	5.0	5.0	2.0	5.0	2.0	2.0	5.0	2.0	2.0
3437.25	160.6199951	14.324	2.868000031	44.86100006	4.034999847	43.6949997	2.0	5.0	2.0	5.0	2.0	2.0	5.0	2.0	2.0
3437.375	160.2510071	13.07	2.871000052	42.38000107	3.98300004	38.793998720000005	2.0	5.0	5.0	5.0	5.0	2.0	5.0	5.0	5.0
3437.5	165.375	13.183	2.868999958	54.1949997	3.964999914	33.15800095	5.0	5.0	5.0	5.0	5.0	2.0	5.0	5.0	5.0
3437.625	176.3450012	14.097	2.857000113	71.05200195	3.95600009	28.778999330000005	5.0	5.0	5.0	5.0	5.0	2.0	5.0	5.0	5.0
3437.75	190.1419983	15.08	2.836999893	79.50099945	3.930999994	27.00099945	5.0	5.0	5.0	5.0	5.0	2.0	5.0	5.0	5.0
3437.875	196.6320038	15.304	2.822000027	71.28399658	3.905999899	28.392999650000004	5.0	5.0	5.0	5.0	5.0	5.0	5.0	5.0	5.0
3438.0	196.5140076	14.408	2.822999954	53.3370018	3.921999931	32.65499878000001	5.0	5.0	5.0	5.0	5.0	2.0	5.0	5.0	5.0
3438.125	193.3329926	12.786	2.842999935	37.98500061	4.004000187	40.187999729999994	5.0	5.0	2.0	5.0	2.0	2.0	5.0	2.0	2.0
3438.25	188.5950012	11.152	2.869999886	29.08099937	4.104000092	51.99100113000001	5.0	5.0	2.0	5.0	2.0	2.0	5.0	2.0	2.0
3438.375	183.5659943	9.91	2.884999991	24.47599983	4.150000095	67.48000336	5.0	4.0	4.0	4.0	4.0	1.0	4.0	4.0	4.0
3438.5	178.0800018	9.218	2.878999949	21.80400085	4.116000176	87.55699920999999	5.0	4.0	4.0	4.0	4.0	1.0	4.0	4.0	4.0
3438.625	172.8280029	8.916	2.859999895	19.38500023	4.050000191	109.49099730000003	5.0	4.0	4.0	4.0	4.0	1.0	4.0	4.0	4.0
3438.75	168.4779968	8.665	2.839999914	17.59000015	4.005000114	128.52099610000005	4.0	4.0	4.0	4.0	4.0	4.0	4.0	4.0	4.0
3438.875	165.3800049	8.254	2.825000048	14.99600029	3.980000019	145.6450043	4.0	4.0	4.0	4.0	4.0	4.0	4.0	4.0	4.0
3439.0	164.3289948	7.703	2.812000036	12.93000031	3.944999933	161.1909943	4.0	4.0	1.0	4.0	1.0	4.0	4.0	4.0	4.0
3439.125	164.6060028	7.233	2.799999952	12.50199986	3.887000084	163.80700679999998	4.0	4.0	4.0	4.0	4.0	4.0	4.0	4.0	4.0
3439.25	165.7700043	7.019	2.786999941	13.76200008	3.819000006	148.59599299999996	4.0	1.0	4.0	1.0	4.0	4.0	4.0	4.0	4.0
3439.375	168.3410034	7.023	2.778000116	16.02400017	3.755000114	128.10099789999998	4.0	1.0	1.0	1.0	1.0	4.0	4.0	1.0	1.0
3439.5	172.4869995	7.084	2.779999971	18.3409996	3.701999903	109.61599729999999	4.0	4.0	1.0	4.0	1.0	4.0	4.0	1.0	1.0
3439.625	175.6109924	7.074	2.79399991	18.89800072	3.65899992	96.92500305	4.0	4.0	4.0	4.0	4.0	4.0	4.0	4.0	4.0
3439.75	175.7230072	7.064	2.813999891	19.09600067	3.618999958	92.86499785999999	4.0	4.0	4.0	4.0	4.0	4.0	4.0	4.0	4.0
3439.875	173.3359985	7.258	2.829999924	21.32299995	3.584000111	99.00399780000001	4.0	4.0	4.0	4.0	4.0	4.0	4.0	4.0	4.0
3440.0	170.2050018	7.679	2.836999893	23.29800034	3.563999891	114.70500180000005	4.0	4.0	4.0	4.0	4.0	4.0	4.0	4.0	4.0
3440.125	167.7160034	8.22	2.835000038	22.37999916	3.562999964	134.43600459999996	4.0	4.0	4.0	4.0	4.0	4.0	4.0	4.0	4.0
3440.25	168.3619995	8.899	2.821000099	20.5	3.569999933	145.52699280000004	4.0	4.0	4.0	4.0	4.0	4.0	4.0	4.0	4.0
3440.375	176.1300049	9.73	2.798000097	21.18099976	3.562000036	139.66099549999996	4.0	4.0	4.0	4.0	4.0	4.0	4.0	4.0	4.0
3440.5	197.2969971	10.632	2.772000074	24.25300026	3.526000023	114.58300019999996	4.0	4.0	4.0	5.0	4.0	4.0	4.0	4.0	4.0
3440.625	221.473999	11.481	2.749000073	28.92300034	3.463999987	86.23100281000002	5.0	2.0	5.0	2.0	5.0	5.0	5.0	5.0	5.0
3440.75	239.8899994	12.236	2.723999977	43.27799988	3.388000011	66.79399871999999	2.0	2.0	5.0	2.0	5.0	5.0	5.0	5.0	5.0
3440.875	248.2810059	13.127	2.693000078	77.47200012	3.302999973	56.95399857000002	2.0	2.0	2.0	2.0	2.0	5.0	5.0	2.0	2.0
3441.0	250.4320068	14.178	2.661000013	123.2429962	3.213999987	60.189998630000005	2.0	2.0	2.0	2.0	2.0	5.0	5.0	2.0	2.0
3441.125	245.0809937	14.694	2.638999939	156.4960022	3.134999991	81.52999878	2.0	2.0	2.0	2.0	2.0	2.0	5.0	2.0	2.0
3441.25	230.0	14.039	2.638000011	168.1399994	3.085999966	121.30500030000005	2.0	2.0	2.0	2.0	2.0	2.0	5.0	2.0	2.0
3441.375	209.9700012	12.412	2.661000013	158.0110016	3.088000059	188.41299439999997	5.0	2.0	2.0	2.0	2.0	2.0	5.0	2.0	2.0
3441.5	190.1589966	10.429	2.703999996	124.8909988	3.138000011	289.41299440000006	2.0	5.0	2.0	5.0	2.0	2.0	5.0	2.0	2.0
3441.625	173.8569946	8.903	2.750999928	82.44100189	3.210000038	392.95599370000014	5.0	5.0	5.0	5.0	5.0	5.0	5.0	5.0	5.0
3441.75	163.0189972	8.087	2.786999941	52.70299912	3.267999888	462.57000730000004	5.0	5.0	5.0	5.0	5.0	5.0	5.0	5.0	5.0
3441.875	157.3509979	7.728	2.808000088	41.30099869	3.298000097	507.4750060999998	5.0	5.0	5.0	5.0	5.0	5.0	5.0	5.0	5.0
3442.0	155.3139954	7.652	2.816999912	39.26399994	3.298000097	539.5230103000001	5.0	5.0	5.0	5.0	5.0	5.0	5.0	5.0	5.0
3442.125	154.8959961	7.567	2.819000006	34.09199905	3.27699995	543.2689819000002	5.0	5.0	5.0	5.0	5.0	5.0	5.0	5.0	5.0
3442.25	154.9589996	7.287	2.815999985	25.95999908	3.247999907	499.19400019999995	5.0	5.0	5.0	5.0	5.0	5.0	5.0	5.0	5.0
3442.375	155.371994	7.016	2.812999964	20.09199905	3.232000113	402.38598629999996	4.0	4.0	4.0	4.0	4.0	4.0	4.0	4.0	4.0
3442.5	156.1109924	7.031	2.812000036	17.38999939	3.249000073	287.0799866	4.0	4.0	4.0	4.0	4.0	4.0	4.0	4.0	4.0
3442.625	157.9539948	7.536	2.811000109	19.69099999	3.309000015	189.3659973	4.0	4.0	4.0	4.0	4.0	4.0	4.0	4.0	4.0
3442.75	162.8760071	8.657	2.808000088	31.77899933	3.395999908	127.49199680000005	5.0	5.0	5.0	5.0	5.0	5.0	5.0	5.0	5.0
3442.875	171.378006	10.24	2.803999901	57.60599899	3.473999977	97.98699950999999	5.0	5.0	5.0	5.0	5.0	5.0	5.0	5.0	5.0
3443.0	181.4519959	11.911	2.798000097	97.76999664	3.503999949	94.31600188999998	5.0	5.0	5.0	5.0	5.0	5.0	5.0	5.0	5.0
3443.125	187.8600006	13.07	2.788000107	133.0460053	3.476000071	113.30000309999997	5.0	5.0	5.0	5.0	5.0	5.0	5.0	5.0	5.0
3443.25	187.3119965	13.041	2.779999971	134.4539948	3.426000118	154.05200199999996	5.0	5.0	5.0	5.0	5.0	5.0	5.0	5.0	5.0
3443.375	179.7709961	11.511	2.780999899	100.5250015	3.407000065	210.8329926000001	5.0	5.0	5.0	5.0	5.0	5.0	5.0	5.0	5.0
3443.5	170.2700043	9.327	2.792000055	60.9659996	3.424999952	255.9559936999999	5.0	5.0	5.0	5.0	5.0	5.0	5.0	5.0	5.0
3443.625	163.102005	7.448	2.805000067	35.0699997	3.447999954	275.66799930000013	5.0	5.0	5.0	5.0	5.0	5.0	5.0	5.0	5.0
3443.75	158.7960053	6.197	2.815999985	22.69400024	3.440999985	280.5960082999999	4.0	4.0	4.0	4.0	4.0	4.0	4.0	4.0	4.0
3443.875	156.5310059	5.476	2.825000048	17.93700028	3.411000013	280.7990111999999	4.0	4.0	4.0	4.0	4.0	4.0	4.0	4.0	4.0
3444.0	155.3110046	5.1	2.832000017	17.74900055	3.385999918	277.5450134	4.0	4.0	4.0	4.0	4.0	4.0	4.0	4.0	4.0
3444.125	154.6150055	4.992	2.836999893	20.37800026	3.375999928	265.81600949999995	4.0	4.0	4.0	4.0	4.0	4.0	4.0	4.0	4.0
3444.25	154.2230072	5.137	2.835000038	23.48699951	3.362999916	231.52400210000005	4.0	4.0	4.0	4.0	4.0	4.0	4.0	4.0	4.0
3444.375	154.5619965	5.626	2.819000006	25.56699944	3.334000111	171.91999820000004	4.0	5.0	5.0	5.0	5.0	5.0	5.0	5.0	5.0
3444.5	156.3899994	6.716	2.775000095	28.42900085	3.289999962	113.98600010000003	5.0	5.0	5.0	5.0	5.0	5.0	5.0	5.0	5.0
3444.625	160.7059937	8.6	2.700000048	38.24599838	3.243999958	73.23400116	2.0	2.0	2.0	2.0	2.0	2.0	5.0	2.0	2.0
3444.75	172.201004	11.328	2.59800005	63.75799942	3.204999924	49.06200028	2.0	2.0	2.0	2.0	2.0	2.0	5.0	2.0	2.0
3444.875	192.8699951	14.48	2.492000103	109.1790009	3.164000034	39.07600021	2.0	2.0	2.0	2.0	2.0	2.0	5.0	2.0	2.0
3445.0	211.9250031	17.136	2.410000086	156.5449982	3.111999989	37.93299866	2.0	2.0	2.0	2.0	2.0	5.0	5.0	2.0	2.0
3445.125	221.552002	18.426	2.388000011	179.7120056	3.066999912	42.07400131	2.0	2.0	2.0	2.0	2.0	5.0	5.0	2.0	2.0
3445.25	219.9420013	18.105	2.434000015	171.8560028	3.059999943	51.28599929999999	2.0	2.0	2.0	2.0	2.0	5.0	5.0	2.0	2.0
3445.375	208.8119965	16.672	2.515000105	151.3029938	3.104000092	71.96099854000002	2.0	2.0	2.0	2.0	2.0	5.0	5.0	2.0	2.0
3445.5	195.0769959	14.988	2.589999914	137.904007	3.180000067	122.56800079999994	2.0	2.0	2.0	2.0	2.0	2.0	5.0	2.0	2.0
3445.625	180.8379974	13.63	2.647000074	134.470993	3.263000011	211.77900700000006	2.0	2.0	2.0	2.0	2.0	2.0	5.0	2.0	2.0
3445.75	166.6950073	12.487	2.697999954	128.5599976	3.342999935	374.3619995	2.0	5.0	2.0	2.0	2.0	2.0	5.0	2.0	2.0
3445.875	156.4570007	10.793	2.750999928	104.651001	3.431999922	660.5050049000002	5.0	5.0	5.0	5.0	5.0	5.0	5.0	5.0	5.0
3446.0	151.7279968	8.572	2.799000025	68.53900147	3.530999899	873.1669922	5.0	5.0	5.0	5.0	5.0	5.0	5.0	5.0	5.0
3446.125	150.6880035	6.613	2.83100009	37.46799851	3.618000031	918.7009887999998	5.0	5.0	5.0	5.0	5.0	5.0	5.0	5.0	5.0
3446.25	151.5399933	5.399	2.845000029	22.1779995	3.648000002	940.9719849	4.0	4.0	4.0	4.0	4.0	4.0	4.0	4.0	4.0
3446.375	152.7899933	4.827	2.845000029	17.64699936	3.611999989	1001.3350219999999	4.0	4.0	4.0	4.0	4.0	4.0	4.0	4.0	4.0
3446.5	153.7559967	4.626	2.836999893	17.56800079	3.552000046	1098.3330079999996	4.0	4.0	4.0	4.0	4.0	4.0	4.0	4.0	4.0
3446.625	154.4049988	4.61	2.828000069	18.67099953	3.52699995	1238.748047	4.0	4.0	4.0	4.0	4.0	4.0	4.0	4.0	4.0
3446.75	154.6170044	4.674	2.823999882	19.26000023	3.536999941	1408.946045	4.0	4.0	4.0	4.0	4.0	4.0	4.0	4.0	4.0
3446.875	154.4989929	4.722	2.822999954	18.91600037	3.539999962	1546.8060299999993	4.0	4.0	4.0	4.0	4.0	4.0	4.0	4.0	4.0
3447.0	154.3139954	4.708	2.825999975	17.23399925	3.50699997	1571.8869630000004	4.0	4.0	4.0	4.0	4.0	4.0	4.0	4.0	4.0
3447.125	153.9470062	4.629	2.83100009	15.2329998	3.453000069	1489.7540279999996	4.0	4.0	4.0	4.0	4.0	4.0	4.0	4.0	4.0
3447.25	153.3289948	4.51	2.835999966	16.14900017	3.414000034	1332.8990479999998	4.0	4.0	4.0	4.0	4.0	4.0	4.0	4.0	4.0
3447.375	153.4980011	4.533	2.838999987	19.4829998	3.413000107	1100.800049	4.0	4.0	4.0	4.0	4.0	4.0	4.0	4.0	4.0
3447.5	155.2570038	4.894	2.838999987	22.79899979	3.446000099	810.3839722000001	4.0	4.0	4.0	4.0	4.0	4.0	4.0	4.0	4.0
3447.625	159.0740051	5.634	2.835000038	27.06599999	3.483999968	552.3439941000003	5.0	5.0	5.0	5.0	5.0	5.0	5.0	5.0	5.0
3447.75	165.0780029	6.715	2.825000048	33.89799881	3.499000073	365.4660033999999	5.0	5.0	5.0	5.0	5.0	5.0	5.0	5.0	5.0
3447.875	173.576004	8.192	2.809999943	45.06600189	3.484999895	235.57400510000002	5.0	5.0	5.0	5.0	5.0	5.0	5.0	5.0	5.0
3448.0	182.6710053	10.028	2.790999889	59.76100159	3.453000069	163.59500120000004	5.0	5.0	5.0	5.0	5.0	5.0	5.0	5.0	5.0
3448.125	188.7799988	11.832	2.773000002	76.29799652	3.420000076	139.20399480000006	5.0	5.0	5.0	5.0	5.0	5.0	5.0	5.0	5.0
3448.25	191.0189972	13.167	2.760999918	95.97100067	3.395999908	142.1860046	5.0	5.0	5.0	5.0	5.0	5.0	5.0	5.0	5.0
3448.375	188.9230042	13.71	2.75699997	112.0739975	3.385999918	169.13699340000005	5.0	5.0	5.0	5.0	5.0	5.0	5.0	5.0	5.0
3448.5	182.3739929	13.172	2.762000084	109.2310028	3.385999918	208.24099729999992	5.0	5.0	5.0	5.0	5.0	5.0	5.0	5.0	5.0
3448.625	172.2640076	11.558	2.769999981	84.78500366	3.385999918	227.77600099999995	5.0	5.0	5.0	5.0	5.0	5.0	5.0	5.0	5.0
3448.75	162.9880066	9.624	2.780999899	53.29100037	3.384999991	207.973999	5.0	5.0	5.0	5.0	5.0	5.0	5.0	5.0	5.0
3448.875	157.1340027	8.12	2.792999983	29.81599999	3.390000105	168.20399479999995	5.0	5.0	5.0	5.0	5.0	5.0	5.0	5.0	5.0
3449.0	154.5740051	7.332	2.803999901	19.72400093	3.400000095	131.81199649999996	5.0	4.0	4.0	4.0	4.0	4.0	4.0	4.0	4.0
3449.125	154.9120026	7.13	2.808000088	17.40600014	3.407999992	105.71099850000004	5.0	4.0	4.0	4.0	4.0	4.0	4.0	4.0	4.0
3449.25	156.9629974	7.165	2.806999922	16.70499992	3.414000034	90.02999877999999	4.0	4.0	4.0	4.0	4.0	4.0	4.0	4.0	4.0
3449.375	159.0679932	7.202	2.805000067	15.56299973	3.424000025	83.74099731000001	4.0	4.0	4.0	4.0	4.0	4.0	4.0	4.0	4.0
3449.5	160.4029999	7.242	2.805999994	15.4630003	3.433000088	85.09799957000001	4.0	4.0	4.0	4.0	4.0	4.0	4.0	4.0	4.0
3449.625	160.8560028	7.337	2.809000015	17.19300079	3.430000067	91.66400146999997	4.0	4.0	4.0	4.0	4.0	4.0	4.0	4.0	4.0
3449.75	160.8079987	7.45	2.808000088	18.35499954	3.414000034	97.78600311000001	4.0	4.0	4.0	4.0	4.0	4.0	4.0	4.0	4.0
3449.875	160.8229981	7.489	2.805000067	17.40999985	3.395999908	98.85700226000002	4.0	4.0	4.0	4.0	4.0	4.0	4.0	4.0	4.0
3450.0	161.2949982	7.377	2.801000118	14.79300022	3.384999991	97.85500335999998	4.0	4.0	4.0	4.0	4.0	4.0	4.0	4.0	4.0
3450.125	162.279007	7.188	2.795000076	12.89299965	3.382999897	101.13800049999998	4.0	4.0	4.0	4.0	4.0	4.0	4.0	4.0	4.0
3450.25	163.3860016	7.115	2.785000086	12.71700001	3.384999991	112.64399719999999	4.0	4.0	4.0	4.0	4.0	4.0	4.0	4.0	4.0
3450.375	164.2290039	7.283	2.775000095	12.90200043	3.375	135.23800659999998	4.0	4.0	4.0	4.0	4.0	4.0	4.0	4.0	4.0
3450.5	164.9060059	7.635	2.765000105	13.20600033	3.348999977	175.4440002	4.0	4.0	4.0	4.0	4.0	4.0	4.0	4.0	4.0
3450.625	165.4440002	7.971	2.753999949	13.55000019	3.315000057	241.00399779999992	4.0	4.0	4.0	4.0	4.0	4.0	4.0	4.0	4.0
3450.75	165.4170075	8.126	2.746000052	13.11100006	3.288000107	350.5889892999999	4.0	4.0	4.0	4.0	4.0	4.0	4.0	4.0	4.0
3450.875	164.0169983	8.053	2.749000073	12.50399971	3.280999899	544.5260009999998	4.0	4.0	4.0	4.0	4.0	4.0	4.0	4.0	4.0
3451.0	161.3240051	7.655	2.76699996	14.14700031	3.296000004	867.7369994999997	4.0	4.0	4.0	4.0	4.0	4.0	4.0	4.0	4.0
3451.125	157.8059998	6.919	2.796999931	17.21899986	3.328999996	1389.9589839999996	4.0	4.0	4.0	4.0	4.0	4.0	4.0	4.0	4.0
3451.25	154.5780029	6.135	2.825000048	18.56399918	3.368999958	1982.765991	4.0	4.0	4.0	4.0	4.0	4.0	4.0	4.0	4.0
3451.375	152.4779968	5.611	2.844000101	18.30999947	3.400000095	2330.2709960000007	4.0	4.0	3.0	4.0	4.0	4.0	4.0	4.0	4.0
3451.5	151.3190002	5.405	2.852999926	17.69000053	3.411999941	2379.617920000001	3.0	4.0	4.0	4.0	4.0	4.0	4.0	4.0	4.0
3451.625	150.8970032	5.401	2.857000113	17.36400032	3.404999971	2208.343993999999	4.0	4.0	4.0	4.0	4.0	4.0	4.0	3.0	3.0
3451.75	151.1269989	5.5	2.859999895	17.27799988	3.388000011	1920.1829829999992	3.0	4.0	4.0	3.0	4.0	4.0	4.0	3.0	3.0
3451.875	151.7610016	5.667	2.861000061	18.40999985	3.375	1585.7320559999998	1.0	4.0	4.0	3.0	4.0	4.0	4.0	3.0	3.0
3452.0	152.9900055	5.903	2.858999968	21.13599968	3.375999928	1225.406006	4.0	4.0	4.0	3.0	4.0	4.0	4.0	3.0	3.0
3452.125	154.852005	6.156	2.855999947	24.46800041	3.388000011	887.802002	5.0	5.0	4.0	5.0	4.0	3.0	4.0	4.0	3.0
3452.25	156.6300049	6.399	2.854000092	29.49200058	3.403000116	667.1920166	5.0	5.0	5.0	5.0	5.0	5.0	5.0	5.0	5.0
3452.375	157.7169952	6.679	2.849999905	36.85800171	3.415999889	566.5520019999999	5.0	5.0	5.0	5.0	5.0	5.0	5.0	5.0	5.0
3452.5	158.026001	6.864	2.845000029	44.16699982	3.431999922	561.8670043999999	5.0	5.0	5.0	5.0	5.0	5.0	5.0	5.0	5.0
3452.625	157.5279999	6.69	2.842999935	46.22200012	3.457999945	598.5130004999999	5.0	5.0	5.0	5.0	5.0	5.0	5.0	5.0	5.0
3452.75	156.3220062	6.237	2.845999956	41.375	3.483999968	668.4310302999996	5.0	5.0	5.0	5.0	5.0	5.0	5.0	5.0	5.0
3452.875	154.6399994	5.806	2.84800005	33.58000183	3.496999979	774.2739867999999	5.0	5.0	5.0	5.0	5.0	5.0	5.0	5.0	5.0
3453.0	153.0809937	5.487	2.845999956	26.76300049	3.494999886	766.1979980999997	5.0	5.0	5.0	5.0	5.0	5.0	5.0	5.0	5.0
3453.125	152.5269928	5.372	2.838000059	23.61800003	3.484999895	618.9390259000002	4.0	4.0	4.0	4.0	4.0	4.0	4.0	4.0	4.0
3453.25	153.9839935	5.679	2.825000048	26.88299942	3.457000017	424.1080017000001	5.0	5.0	5.0	5.0	5.0	5.0	5.0	5.0	5.0
3453.375	159.2189941	6.604	2.801000118	35.66899872	3.394999981	254.51499939999988	5.0	5.0	5.0	5.0	5.0	5.0	5.0	5.0	5.0
3453.5	168.5859985	8.289	2.753000021	45.60900116	3.298000097	141.97000120000004	5.0	5.0	5.0	5.0	5.0	5.0	5.0	5.0	5.0
3453.625	177.3500061	10.424	2.671999931	56.63999939	3.174999952	89.20099639999998	2.0	2.0	2.0	2.0	2.0	2.0	5.0	2.0	2.0
3453.75	180.9100037	12.482	2.58100009	78.09799957	3.040999889	67.45600128	5.0	2.0	2.0	2.0	2.0	2.0	5.0	2.0	2.0
3453.875	178.654007	14.063	2.523999929	104.7109985	2.924000025	60.854999539999994	5.0	2.0	2.0	2.0	2.0	2.0	5.0	2.0	2.0
3454.0	172.9830017	14.052	2.535000086	112.7229996	2.877000094	63.97200011999998	5.0	2.0	2.0	2.0	2.0	2.0	5.0	2.0	2.0
3454.125	171.2420044	12.357	2.599999905	100.6139984	2.931999922	77.85600280999999	5.0	2.0	2.0	2.0	2.0	2.0	5.0	2.0	2.0
3454.25	170.4620056	10.245	2.680000067	81.35900116	3.088000059	109.90699770000003	5.0	5.0	2.0	2.0	2.0	2.0	5.0	2.0	2.0
3454.375	167.048996	8.515	2.740999937	65.96199799	3.286999941	157.54899599999996	5.0	5.0	5.0	5.0	5.0	5.0	5.0	5.0	5.0
3454.5	163.0	7.386	2.77699995	60.04700089	3.45600009	204.2380066000001	5.0	5.0	5.0	5.0	5.0	5.0	5.0	5.0	5.0
3454.625	159.776001	7.038	2.792999983	62.10499954	3.549999952	238.73800660000012	5.0	5.0	5.0	5.0	5.0	5.0	5.0	5.0	5.0
3454.75	158.4019928	7.295	2.799999952	62.95000076	3.568000078	225.1020050000001	5.0	5.0	5.0	5.0	5.0	5.0	5.0	5.0	5.0
3454.875	159.2709961	7.872	2.798000097	58.4129982	3.53399992	179.43699649999994	5.0	5.0	5.0	5.0	5.0	5.0	5.0	5.0	5.0
3455.0	163.2039948	8.669	2.78399992	56.1269989	3.467999935	139.11500550000005	5.0	5.0	5.0	5.0	5.0	5.0	5.0	5.0	5.0
3455.125	171.5610046	9.681	2.753999949	62.97600174	3.390000105	115.50599669999997	5.0	5.0	5.0	5.0	5.0	5.0	5.0	5.0	5.0
3455.25	182.25	10.908	2.717999935	79.1190033	3.322000027	107.57499699999994	2.0	5.0	2.0	2.0	2.0	2.0	5.0	2.0	2.0
3455.375	190.7660065	12.023	2.694000006	98.85900116	3.28399992	115.93299870000001	2.0	2.0	2.0	2.0	2.0	2.0	5.0	2.0	2.0
3455.5	194.9230042	12.586	2.693000078	110.5279999	3.286000013	133.57600399999995	2.0	2.0	2.0	2.0	2.0	2.0	5.0	2.0	2.0
3455.625	194.0540009	12.385	2.710000038	105.4580002	3.335000038	153.05000309999994	5.0	2.0	2.0	2.0	2.0	2.0	5.0	2.0	2.0
3455.75	186.8390045	11.253	2.734999895	82.71900177	3.421999931	172.02799990000008	5.0	5.0	5.0	5.0	5.0	5.0	5.0	5.0	5.0
3455.875	176.2779999	9.536	2.75699997	55.01800156	3.519000053	192.3880005000001	5.0	5.0	5.0	5.0	5.0	5.0	5.0	5.0	5.0
3456.0	166.5789948	7.983	2.776000023	40.90000153	3.59800005	216.5930023	5.0	5.0	5.0	5.0	5.0	5.0	5.0	5.0	5.0
3456.125	160.1790009	7.03	2.79399991	30.85499954	3.638999939	239.3809966999999	5.0	5.0	5.0	5.0	5.0	5.0	5.0	5.0	5.0
3456.25	156.7339935	6.521	2.809000015	23.73900032	3.634000063	252.6300049	4.0	4.0	4.0	4.0	4.0	4.0	4.0	4.0	4.0
3456.375	155.4940033	6.157	2.816999912	18.89100075	3.585000038	259.38900759999996	4.0	4.0	4.0	4.0	4.0	4.0	4.0	4.0	4.0
3456.5	155.1300049	5.844	2.819000006	15.98400021	3.503999949	264.6650084999999	4.0	4.0	4.0	4.0	4.0	4.0	4.0	4.0	4.0
3456.625	155.0	5.576	2.819999933	15.5	3.411000013	266.2130126999999	4.0	4.0	4.0	4.0	4.0	4.0	4.0	4.0	4.0
3456.75	154.8040009	5.272	2.821000099	16.28800011	3.326999903	264.84799190000007	4.0	4.0	4.0	4.0	4.0	4.0	4.0	4.0	4.0
3456.875	154.4640045	4.949	2.822999954	17.0	3.273000002	264.5570068	4.0	4.0	4.0	4.0	4.0	4.0	4.0	4.0	4.0
3457.0	154.2940064	4.703	2.825999975	17.64699936	3.253000021	267.50900269999994	4.0	4.0	4.0	4.0	4.0	4.0	4.0	4.0	4.0
3457.125	154.4459992	4.573	2.829999924	17.28899956	3.259999991	273.3970032	4.0	4.0	4.0	4.0	4.0	4.0	4.0	4.0	4.0
3457.25	154.7290039	4.534	2.832000017	16.20100021	3.28399992	279.8190002	4.0	4.0	4.0	4.0	4.0	4.0	4.0	4.0	4.0
3457.375	155.1609955	4.55	2.834000111	16.44199944	3.319999933	286.47698979999984	4.0	4.0	4.0	4.0	4.0	4.0	4.0	4.0	4.0
3457.5	155.701004	4.578	2.835000038	17.64500046	3.361000061	291.5669861000001	4.0	4.0	4.0	4.0	4.0	4.0	4.0	4.0	4.0
3457.625	156.4490051	4.592	2.836999893	17.35400009	3.397000074	295.6749878000001	4.0	4.0	4.0	4.0	4.0	4.0	4.0	4.0	4.0
3457.75	157.4089966	4.605	2.835999966	15.83199978	3.417000055	301.6499939	4.0	4.0	4.0	4.0	4.0	4.0	4.0	4.0	4.0
3457.875	158.2440033	4.644	2.835000038	15.02099991	3.40899992	309.0889893000001	4.0	4.0	4.0	4.0	4.0	4.0	4.0	4.0	4.0
3458.0	158.8849945	4.733	2.835999966	15.70699978	3.367000103	313.64999389999997	4.0	4.0	4.0	4.0	4.0	4.0	4.0	4.0	4.0
3458.125	160.0149994	4.923	2.836999893	18.05900002	3.303999901	304.1380005000001	4.0	4.0	4.0	4.0	4.0	4.0	4.0	4.0	4.0
3458.25	162.6779938	5.344	2.835999966	22.06800079	3.24000001	275.72399900000005	4.0	4.0	4.0	4.0	4.0	4.0	4.0	4.0	4.0
3458.375	166.3589935	6.043	2.829999924	28.04599953	3.191999912	241.61000059999998	5.0	5.0	5.0	5.0	5.0	5.0	5.0	5.0	5.0
3458.5	169.8509979	6.939	2.822999954	41.0359993	3.167999983	217.9479981000001	5.0	5.0	5.0	5.0	5.0	5.0	5.0	5.0	5.0
3458.625	172.352005	7.829	2.818000078	62.54999924	3.174000025	212.1739959999999	5.0	5.0	5.0	5.0	5.0	5.0	5.0	5.0	5.0
3458.75	172.927002	8.349	2.815000057	80.66899872	3.209000111	223.13200379999995	5.0	5.0	5.0	5.0	5.0	5.0	5.0	5.0	5.0
3458.875	170.9790039	8.085	2.815000057	79.78299713	3.25699997	253.94000239999994	5.0	5.0	5.0	5.0	5.0	5.0	5.0	5.0	5.0
3459.0	167.5820007	7.229	2.815000057	64.80699921	3.296999931	310.12899780000004	5.0	5.0	5.0	5.0	5.0	5.0	5.0	5.0	5.0
3459.125	164.2740021	6.321	2.812999964	50.09600067	3.319000006	382.3670044000001	5.0	5.0	5.0	5.0	5.0	5.0	5.0	5.0	5.0
3459.25	161.4669952	5.714	2.812999964	42.39799881	3.315999985	444.7189941000001	5.0	5.0	5.0	5.0	5.0	5.0	5.0	5.0	5.0
3459.375	159.3029938	5.297	2.815999985	37.95199966	3.298000097	498.7929993	5.0	5.0	5.0	5.0	5.0	5.0	5.0	5.0	5.0
3459.5	157.6080017	4.84	2.822000027	32.35800171	3.285000086	553.5189819000001	5.0	5.0	5.0	5.0	5.0	5.0	5.0	5.0	5.0
3459.625	156.3480072	4.441	2.826999903	27.43499947	3.298000097	586.6099854000001	5.0	5.0	5.0	5.0	5.0	5.0	5.0	5.0	5.0
3459.75	155.9559937	4.297	2.829999924	26.18199921	3.335000038	569.2459717	4.0	5.0	5.0	5.0	5.0	5.0	5.0	5.0	5.0
3459.875	156.5440064	4.457	2.829999924	28.29299927	3.378999949	507.1010132000001	5.0	5.0	5.0	5.0	5.0	5.0	5.0	5.0	5.0
3460.0	158.401001	4.843	2.828999996	32.54399872	3.407999992	423.91799929999985	5.0	5.0	5.0	5.0	5.0	5.0	5.0	5.0	5.0
3460.125	161.1560059	5.354	2.828999996	40.5320015	3.415999889	351.52899169999984	5.0	5.0	5.0	5.0	5.0	5.0	5.0	5.0	5.0
3460.25	163.4660034	5.885	2.83100009	51.59600067	3.417999983	305.144989	5.0	5.0	5.0	5.0	5.0	5.0	5.0	5.0	5.0
3460.375	164.121994	6.386	2.834000111	59.54700089	3.430999994	270.9339905000001	5.0	5.0	5.0	5.0	5.0	5.0	5.0	5.0	5.0
3460.5	163.6699982	6.761	2.835999966	59.38700104	3.460999966	237.20599370000002	5.0	5.0	5.0	5.0	5.0	5.0	5.0	5.0	5.0
3460.625	163.2519989	6.905	2.834000111	54.625	3.505000114	208.66499329999994	5.0	5.0	5.0	5.0	5.0	5.0	5.0	5.0	5.0
3460.75	163.8370056	7.005	2.826999903	55.56100082	3.552000046	186.53300479999996	5.0	5.0	5.0	5.0	5.0	5.0	5.0	5.0	5.0
3460.875	166.6419983	7.263	2.815999985	62.9090004	3.599999905	172.8679962	5.0	5.0	5.0	5.0	5.0	5.0	5.0	5.0	5.0
3461.0	170.9579926	7.554	2.805000067	70.01300049	3.651000023	172.65699770000003	5.0	5.0	5.0	5.0	5.0	5.0	5.0	5.0	5.0
3461.125	174.0740051	7.626	2.795000076	73.23300171	3.71600008	183.19700620000003	5.0	5.0	5.0	5.0	5.0	5.0	5.0	5.0	5.0
3461.25	175.4880066	7.408	2.788000107	69.42900085	3.802000046	200.15400700000004	5.0	5.0	5.0	5.0	5.0	5.0	5.0	5.0	5.0
3461.375	176.1139984	7.146	2.782999992	61.38000107	3.890000105	222.03999329999994	2.0	2.0	2.0	2.0	2.0	2.0	5.0	2.0	2.0
3461.5	176.1060028	7.199	2.778000116	62.93600082	3.950000048	234.99899289999993	2.0	2.0	2.0	2.0	2.0	2.0	5.0	2.0	2.0
3461.625	176.1660004	7.642	2.773000002	74.95200348	3.954999924	227.56500239999988	2.0	2.0	2.0	2.0	2.0	2.0	5.0	2.0	2.0
3461.75	176.7570038	8.195	2.770999908	80.97000122	3.884000063	213.81399539999998	2.0	2.0	2.0	2.0	2.0	2.0	5.0	2.0	2.0
3461.875	176.720993	8.647	2.772000074	77.51100159	3.762000084	205.01300050000012	5.0	2.0	5.0	2.0	5.0	5.0	5.0	5.0	5.0
3462.0	175.6889954	8.945	2.776000023	76.19200134	3.642999888	200.94700619999995	5.0	5.0	5.0	5.0	5.0	5.0	5.0	5.0	5.0
3462.125	174.6190033	8.977	2.782000065	82.31199646	3.573999882	204.50300600000008	5.0	5.0	5.0	5.0	5.0	5.0	5.0	5.0	5.0
3462.25	172.9720001	8.678	2.788000107	84.57299805	3.559000015	217.3079987	5.0	5.0	5.0	5.0	5.0	5.0	5.0	5.0	5.0
3462.375	170.1190033	8.173	2.792999983	77.25800324	3.575000048	231.53999329999996	5.0	5.0	5.0	5.0	5.0	5.0	5.0	5.0	5.0
3462.5	168.2030029	7.675	2.795000076	69.10199738	3.596999884	238.97099299999996	5.0	5.0	5.0	5.0	5.0	5.0	5.0	5.0	5.0
3462.625	168.4230042	7.252	2.79399991	64.21099854	3.625	243.27099609999988	5.0	5.0	5.0	5.0	5.0	5.0	5.0	5.0	5.0
3462.75	170.076004	6.879	2.789000034	62.68099976	3.701999903	255.2720032000001	5.0	5.0	5.0	5.0	5.0	5.0	5.0	5.0	5.0
3462.875	172.1289978	6.511	2.780999899	66.54399872	3.859999895	282.29000850000017	2.0	2.0	2.0	2.0	2.0	2.0	5.0	2.0	2.0
3463.0	173.5460053	6.08	2.769999981	70.65200043	4.090000153	331.0299987999999	2.0	2.0	2.0	2.0	2.0	2.0	5.0	2.0	2.0
3463.125	173.3339996	5.579	2.753999949	66.45999908	4.336999893	412.11999510000004	2.0	2.0	2.0	2.0	2.0	2.0	5.0	2.0	2.0
3463.25	171.6399994	5.053	2.736999989	57.70199966	4.53399992	506.5459899999998	2.0	2.0	2.0	2.0	2.0	2.0	5.0	2.0	2.0
3463.375	170.0679932	4.613	2.721999884	50.72200012	4.635000229	577.7230225	2.0	2.0	2.0	2.0	2.0	2.0	5.0	2.0	2.0
3463.5	169.9830017	4.412	2.711999893	48.11199951	4.629000187	613.3909912000003	2.0	2.0	2.0	2.0	2.0	2.0	5.0	2.0	2.0
3463.625	170.6040039	4.451	2.707000017	49.02099991	4.547999859	615.8229981000001	2.0	2.0	2.0	2.0	2.0	2.0	5.0	2.0	2.0
3463.75	170.5310059	4.673	2.70600009	51.11399841	4.434000015	568.8079834000002	2.0	2.0	2.0	2.0	2.0	2.0	5.0	2.0	2.0
3463.875	170.3630066	5.122	2.709000111	50.8390007	4.324999809	461.9909973000002	2.0	2.0	2.0	2.0	2.0	2.0	5.0	2.0	2.0
3464.0	171.5350037	5.824	2.714999914	48.70899963	4.243999958	340.4159851	2.0	2.0	2.0	2.0	2.0	2.0	5.0	2.0	2.0
3464.125	175.7489929	6.717	2.720999956	51.26399994	4.197999954	244.8789978000001	2.0	2.0	2.0	2.0	2.0	2.0	5.0	2.0	2.0
3464.25	181.9869995	7.727	2.726999998	67.1969986	4.170000076	184.352005	2.0	2.0	2.0	2.0	2.0	2.0	5.0	2.0	2.0
3464.375	188.1519928	8.773	2.734999895	94.78500366	4.133999825	150.25500490000005	2.0	2.0	2.0	2.0	2.0	2.0	5.0	2.0	2.0
3464.5	192.897995	9.576	2.740999937	114.8809967	4.05700016	132.21400449999996	2.0	2.0	2.0	2.0	2.0	2.0	5.0	2.0	2.0
3464.625	195.0910034	9.819	2.733999968	110.3550034	3.921999931	121.77300260000001	2.0	2.0	2.0	2.0	2.0	2.0	5.0	2.0	2.0
3464.75	194.2070007	9.605	2.704999924	89.67299652	3.744999886	119.39900209999996	2.0	2.0	2.0	2.0	2.0	2.0	5.0	2.0	2.0
3464.875	193.1560059	9.413	2.671000004	76.12999725	3.576999903	138.0679932	2.0	2.0	2.0	2.0	2.0	2.0	5.0	2.0	2.0
3465.0	191.0429993	9.325	2.660000086	77.4940033	3.453999996	181.58399960000008	2.0	2.0	2.0	2.0	2.0	2.0	5.0	2.0	2.0
3465.125	185.2859955	8.766	2.687000036	77.7539978	3.378000021	251.6940002000001	2.0	2.0	2.0	2.0	2.0	2.0	5.0	2.0	2.0
3465.25	173.8860016	7.456	2.737999916	61.68500137	3.335000038	380.6409912000001	5.0	5.0	5.0	5.0	5.0	5.0	5.0	5.0	5.0
3465.375	163.3609924	6.014	2.788000107	38.34199905	3.315000057	558.5189818999997	5.0	5.0	5.0	5.0	5.0	5.0	5.0	5.0	5.0
3465.5	157.2359924	5.027	2.822000027	22.15299988	3.312999964	619.2969971000001	4.0	4.0	4.0	4.0	4.0	4.0	4.0	4.0	4.0
3465.625	155.7649994	4.692	2.835999966	17.40399933	3.325000048	517.4650269	4.0	4.0	4.0	4.0	4.0	4.0	4.0	4.0	4.0
3465.75	158.0690002	5.002	2.836999893	20.43799973	3.335999966	381.60198980000007	4.0	4.0	4.0	4.0	4.0	4.0	4.0	4.0	4.0
3465.875	162.970993	5.888	2.83100009	31.45700073	3.336999893	280.7049866000001	5.0	5.0	5.0	5.0	5.0	5.0	5.0	5.0	5.0
3466.0	168.7890015	7.186	2.825999975	52.86899948	3.33100009	218.8549956999999	5.0	5.0	5.0	5.0	5.0	5.0	5.0	5.0	5.0
3466.125	173.6049957	8.507	2.821000099	79.74900055	3.322999954	195.37300109999998	5.0	5.0	5.0	5.0	5.0	5.0	5.0	5.0	5.0
3466.25	175.2259979	9.296	2.816999912	97.60900116	3.318000078	200.24600220000005	5.0	5.0	5.0	5.0	5.0	5.0	5.0	5.0	5.0
3466.375	173.3910065	9.264	2.811000109	94.37200165	3.312999964	216.72300720000007	5.0	5.0	5.0	5.0	5.0	5.0	5.0	5.0	5.0
3466.5	169.3529968	8.653	2.805999994	75.55799866	3.302999973	230.6029968	5.0	5.0	5.0	5.0	5.0	5.0	5.0	5.0	5.0
3466.625	165.2039948	8.071	2.802000046	52.81800079	3.295000076	232.99200439999998	5.0	5.0	5.0	5.0	5.0	5.0	5.0	5.0	5.0
3466.75	163.9320068	7.862	2.796000004	39.16899872	3.292999983	224.70100400000004	5.0	5.0	5.0	5.0	5.0	5.0	5.0	5.0	5.0
3466.875	166.7769928	8.046	2.789000034	41.5870018	3.295000076	215.5019989	5.0	5.0	5.0	5.0	5.0	5.0	5.0	5.0	5.0
3467.0	171.2619934	8.567	2.782999992	55.58399963	3.29399991	213.02699280000007	5.0	5.0	5.0	5.0	5.0	5.0	5.0	5.0	5.0
3467.125	173.5690002	9.0	2.78399992	65.51699829	3.289000034	219.7669983000001	5.0	5.0	5.0	5.0	5.0	5.0	5.0	5.0	5.0
3467.25	171.7339935	8.951	2.792999983	62.56499863	3.28399992	230.8749999999999	5.0	5.0	5.0	5.0	5.0	5.0	5.0	5.0	5.0
3467.375	168.2070007	8.609	2.808000088	51.83300018	3.289999962	231.3899993999999	5.0	5.0	5.0	5.0	5.0	5.0	5.0	5.0	5.0
3467.5	166.3029938	8.271	2.822999954	45.68099976	3.309000015	220.75999450000006	5.0	5.0	5.0	5.0	5.0	5.0	5.0	5.0	5.0
3467.625	166.1369934	8.14	2.832000017	50.25899887	3.335000038	206.83299260000004	5.0	5.0	5.0	5.0	5.0	5.0	5.0	5.0	5.0
3467.75	166.7050018	8.314	2.834000111	60.9280014	3.35800004	196.1820068	5.0	5.0	5.0	5.0	5.0	5.0	5.0	5.0	5.0
3467.875	166.5310059	8.583	2.832000017	67.73699951	3.368000031	193.58399960000003	5.0	5.0	5.0	5.0	5.0	5.0	5.0	5.0	5.0
3468.0	164.8419952	8.605	2.829999924	68.4509964	3.361000061	200.59199519999993	5.0	5.0	5.0	5.0	5.0	5.0	5.0	5.0	5.0
3468.125	163.0879974	8.361	2.826999903	63.42399979	3.348999977	211.49299620000002	5.0	5.0	5.0	5.0	5.0	5.0	5.0	5.0	5.0
3468.25	163.6710053	8.222	2.821000099	55.93600082	3.352999926	214.94700619999995	5.0	5.0	5.0	5.0	5.0	5.0	5.0	5.0	5.0
3468.375	167.4929962	8.593	2.805999994	52.48799896	3.381000042	199.88400269999997	5.0	5.0	5.0	5.0	5.0	5.0	5.0	5.0	5.0
3468.5	176.776001	9.407	2.779000044	53.87400055	3.424000025	173.7980042	5.0	5.0	5.0	5.0	5.0	5.0	5.0	5.0	5.0
3468.625	190.3600006	10.329	2.743000031	60.44599915	3.464999914	155.80799869999998	5.0	2.0	2.0	5.0	2.0	5.0	5.0	2.0	5.0
3468.75	195.6069946	11.102	2.714999914	73.24099731	3.493999958	150.99099730000003	2.0	2.0	2.0	2.0	2.0	2.0	5.0	2.0	2.0
3468.875	194.6490021	11.406	2.707999945	85.47299957	3.509000063	154.62300109999998	2.0	2.0	2.0	2.0	2.0	2.0	5.0	2.0	2.0
3469.0	188.1699982	11.057	2.724999905	87.16799927	3.522000074	167.13900759999996	2.0	2.0	2.0	2.0	2.0	2.0	5.0	2.0	2.0
3469.125	180.0529938	10.349	2.753000021	78.76100159	3.555000067	184.26600649999995	5.0	5.0	5.0	5.0	5.0	5.0	5.0	5.0	5.0
3469.25	175.0379944	9.862	2.770999908	73.16799927	3.615999937	186.97399899999996	5.0	5.0	5.0	5.0	5.0	5.0	5.0	5.0	5.0
3469.375	174.8379974	9.871	2.775000095	77.01799774	3.687000036	177.54499819999995	5.0	5.0	5.0	5.0	5.0	5.0	5.0	5.0	5.0
3469.5	177.1660004	10.11	2.772000074	89.05899811	3.743999958	174.61900330000006	5.0	5.0	5.0	5.0	5.0	5.0	5.0	5.0	5.0
3469.625	178.8309937	10.161	2.769999981	100.5009995	3.789000034	185.58599850000002	2.0	2.0	2.0	2.0	2.0	2.0	5.0	2.0	2.0
3469.75	177.4550018	9.622	2.775000095	98.68000031	3.83100009	214.38400270000008	2.0	2.0	2.0	2.0	2.0	2.0	5.0	2.0	2.0
3469.875	173.074997	8.389	2.786000013	80.68199921	3.867000103	265.65100099999995	5.0	5.0	5.0	5.0	5.0	2.0	5.0	5.0	5.0
3470.0	168.0160065	6.917	2.798000097	58.68600082	3.898999929	336.0249939000001	5.0	5.0	5.0	5.0	5.0	5.0	5.0	5.0	5.0
3470.125	164.8009949	5.742	2.805999994	44.68799973	3.946000099	402.2070007	5.0	5.0	5.0	5.0	5.0	5.0	5.0	5.0	5.0
3470.25	164.227005	5.002	2.805999994	41.52000046	4.032999992	445.25500490000013	2.0	2.0	2.0	2.0	2.0	2.0	5.0	2.0	2.0
3470.375	165.8059998	4.656	2.799000025	44.56299973	4.175000191	472.59799190000007	2.0	2.0	2.0	2.0	2.0	2.0	5.0	2.0	2.0
3470.5	167.8760071	4.593	2.786999941	49.57600021	4.359000206	505.4309998000001	2.0	2.0	2.0	2.0	2.0	2.0	5.0	2.0	2.0
3470.625	169.2579956	4.593	2.776000023	54.88499832	4.519000053	569.1699828999999	2.0	2.0	2.0	2.0	2.0	2.0	5.0	2.0	2.0
3470.75	169.4190064	4.561	2.770999908	55.95399857	4.568999767	676.3049927	2.0	2.0	2.0	2.0	2.0	2.0	5.0	2.0	2.0
3470.875	168.1600037	4.509	2.773999929	49.36800003	4.456999779	810.1660155999997	2.0	2.0	2.0	2.0	2.0	2.0	5.0	2.0	2.0
3471.0	165.727005	4.428	2.779999971	38.20299912	4.243000031	926.4910278000003	2.0	2.0	2.0	2.0	2.0	2.0	5.0	2.0	2.0
3471.125	163.2579956	4.306	2.786000013	28.97699928	4.039000034	966.6149902000004	2.0	2.0	2.0	2.0	2.0	2.0	5.0	2.0	2.0
3471.25	161.6750031	4.236	2.790999889	27.75499916	3.907000065	898.4290160999999	5.0	2.0	5.0	2.0	5.0	2.0	5.0	5.0	5.0
3471.375	161.5269928	4.342	2.798000097	31.39100075	3.825999975	732.5689697000004	5.0	5.0	5.0	5.0	5.0	5.0	5.0	5.0	5.0
3471.5	163.1660004	4.616	2.809000015	38.10100174	3.755000114	548.5239868000002	5.0	5.0	5.0	5.0	5.0	5.0	5.0	5.0	5.0
3471.625	165.7129974	4.994	2.819999933	51.70299912	3.683000088	413.473999	5.0	5.0	5.0	5.0	5.0	5.0	5.0	5.0	5.0
3471.75	167.9369965	5.436	2.825999975	67.20200348	3.615999937	337.1979981	5.0	5.0	5.0	5.0	5.0	5.0	5.0	5.0	5.0
3471.875	168.8280029	5.772	2.822999954	74.6989975	3.559999943	314.7890015000001	5.0	5.0	5.0	5.0	5.0	5.0	5.0	5.0	5.0
3472.0	167.6380005	5.704	2.815999985	70.54399872	3.51699996	336.00201419999996	5.0	5.0	5.0	5.0	5.0	5.0	5.0	5.0	5.0
3472.125	164.8860016	5.172	2.809999943	57.34799957	3.487999916	382.0750122000002	5.0	5.0	5.0	5.0	5.0	5.0	5.0	5.0	5.0
3472.25	162.3589935	4.569	2.808000088	42.08300018	3.480000019	427.1019898	5.0	5.0	5.0	5.0	5.0	5.0	5.0	5.0	5.0
3472.375	161.4989929	4.323	2.808000088	34.60400009	3.5	433.04800420000015	5.0	5.0	5.0	5.0	5.0	5.0	5.0	5.0	5.0
3472.5	162.7299957	4.509	2.808000088	39.56100082	3.549999952	392.29299929999985	5.0	5.0	5.0	5.0	5.0	5.0	5.0	5.0	5.0
3472.625	165.5350037	5.061	2.805000067	55.24499893	3.631000042	338.8670043999999	5.0	5.0	5.0	5.0	5.0	5.0	5.0	5.0	5.0
3472.75	168.3769989	5.921	2.799000025	74.39499664	3.723999977	293.88800050000003	5.0	5.0	5.0	5.0	5.0	5.0	5.0	5.0	5.0
3472.875	170.4309998	6.957	2.792999983	89.15599823	3.792999983	261.65399169999995	5.0	5.0	5.0	5.0	5.0	5.0	5.0	5.0	5.0
3473.0	171.923996	7.743	2.789999962	93.85900116	3.812000036	249.4459992	5.0	5.0	5.0	5.0	5.0	5.0	5.0	5.0	5.0
3473.125	172.4850006	7.916	2.792000055	89.68900299	3.799999952	264.7219849	5.0	5.0	5.0	5.0	5.0	5.0	5.0	5.0	5.0
3473.25	171.7830048	7.504	2.796999931	81.40799713	3.788000107	306.97399899999994	5.0	5.0	5.0	5.0	5.0	5.0	5.0	5.0	5.0
3473.375	169.9949951	6.688	2.802000046	72.65599823	3.773000002	360.47500610000003	5.0	5.0	5.0	5.0	5.0	5.0	5.0	5.0	5.0
3473.5	167.3829956	5.678	2.806999922	62.62200165	3.74000001	418.56298830000014	5.0	5.0	5.0	5.0	5.0	5.0	5.0	5.0	5.0
3473.625	164.6069946	4.83	2.811000109	51.125	3.701999903	489.3749999999998	5.0	5.0	5.0	5.0	5.0	5.0	5.0	5.0	5.0
3473.75	162.5650024	4.4	2.812999964	47.17900085	3.694000006	549.3150023999998	5.0	5.0	5.0	5.0	5.0	5.0	5.0	5.0	5.0
3473.875	161.345993	4.247	2.811000109	50.31100082	3.719000101	573.242981	5.0	5.0	5.0	5.0	5.0	5.0	5.0	5.0	5.0
3474.0	160.3860016	4.047	2.809999943	49.74399948	3.730000019	590.0490111999997	5.0	5.0	5.0	5.0	5.0	5.0	5.0	5.0	5.0
3474.125	159.3829956	3.759	2.812999964	41.81700134	3.686000109	607.9140015000003	5.0	5.0	5.0	5.0	5.0	5.0	5.0	5.0	5.0
3474.25	158.8179932	3.599	2.822000027	33.67699814	3.588000059	588.5830078	5.0	5.0	5.0	5.0	5.0	5.0	5.0	5.0	5.0
3474.375	159.3739929	3.721	2.834000111	32.31800079	3.461999893	534.7930298	5.0	5.0	5.0	5.0	5.0	5.0	5.0	5.0	5.0
3474.5	160.9369965	4.063	2.842999935	36.38100052	3.339999914	490.1440125000002	5.0	5.0	5.0	5.0	5.0	5.0	5.0	5.0	5.0
3474.625	162.6100006	4.544	2.846999884	44.42100143	3.253999949	467.14300539999977	5.0	5.0	5.0	5.0	5.0	5.0	5.0	5.0	5.0
3474.75	163.1499939	5.041	2.846999884	53.16400147	3.232000113	455.9599915000002	5.0	5.0	5.0	5.0	5.0	5.0	5.0	5.0	5.0
3474.875	162.2610016	5.331	2.846999884	53.86299896	3.265000105	443.3599854	5.0	5.0	5.0	5.0	5.0	5.0	5.0	5.0	5.0
3475.0	160.6820068	5.297	2.848999977	44.10100174	3.321000099	406.7489929000002	5.0	5.0	5.0	5.0	5.0	5.0	5.0	5.0	5.0
3475.125	160.1900024	5.284	2.851000071	33.28900147	3.378999949	337.05599979999994	5.0	5.0	5.0	5.0	5.0	5.0	5.0	5.0	5.0
3475.25	162.4349976	5.745	2.852999926	32.56499863	3.430000067	262.32998660000004	5.0	5.0	5.0	5.0	5.0	5.0	5.0	5.0	5.0
3475.375	167.9320068	6.825	2.849999905	47.81800079	3.471999884	202.68099980000005	5.0	5.0	5.0	5.0	5.0	5.0	5.0	5.0	5.0
3475.5	175.0590057	8.243	2.844000101	73.35199738	3.5	164.69599920000002	5.0	5.0	5.0	5.0	5.0	5.0	5.0	5.0	5.0
3475.625	181.0559998	9.515	2.835000038	95.64199829	3.513999939	147.14599609999996	5.0	5.0	5.0	5.0	5.0	5.0	5.0	5.0	5.0
3475.75	183.9340057	10.192	2.826999903	108.3209992	3.52699995	146.95199589999993	5.0	5.0	5.0	5.0	5.0	5.0	5.0	5.0	5.0
3475.875	183.3029938	10.14	2.819999933	109.7630005	3.549999952	159.1309966999999	5.0	5.0	5.0	5.0	5.0	5.0	5.0	5.0	5.0
3476.0	180.503006	9.596	2.812999964	98.26000214	3.575999975	178.2129974	5.0	5.0	5.0	5.0	5.0	5.0	5.0	5.0	5.0
3476.125	177.2319946	8.899	2.808000088	77.46900177	3.584000111	201.09399409999997	5.0	5.0	5.0	5.0	5.0	5.0	5.0	5.0	5.0
3476.25	175.1340027	8.32	2.806999922	63.79100037	3.569999933	226.86399840000013	5.0	5.0	5.0	5.0	5.0	5.0	5.0	5.0	5.0
3476.375	174.3110046	7.997	2.806999922	67.1190033	3.542999983	257.2739867999999	5.0	5.0	5.0	5.0	5.0	5.0	5.0	5.0	5.0
3476.5	173.5859985	7.832	2.805999994	80.57800293	3.509000063	298.74899289999996	5.0	5.0	5.0	5.0	5.0	5.0	5.0	5.0	5.0
3476.625	171.7709961	7.483	2.805999994	87.51599884	3.460000038	353.90701290000015	5.0	5.0	5.0	5.0	5.0	5.0	5.0	5.0	5.0
3476.75	168.5209961	6.737	2.808000088	78.10600281	3.397000074	411.5759888000002	5.0	5.0	5.0	5.0	5.0	5.0	5.0	5.0	5.0
3476.875	164.6750031	5.891	2.812000036	59.20299912	3.345999956	447.18701169999997	5.0	5.0	5.0	5.0	5.0	5.0	5.0	5.0	5.0
3477.0	161.6490021	5.341	2.818000078	43.72200012	3.326999903	458.0830078	5.0	5.0	5.0	5.0	5.0	5.0	5.0	5.0	5.0
3477.125	160.0140076	5.141	2.823999882	37.60400009	3.33100009	453.13699340000005	5.0	5.0	5.0	5.0	5.0	5.0	5.0	5.0	5.0
3477.25	159.2369995	5.117	2.828000069	37.88800049	3.334000111	438.6419983	5.0	5.0	5.0	5.0	5.0	5.0	5.0	5.0	5.0
3477.375	158.8099976	5.059	2.83100009	39.51200104	3.329999924	424.23800659999984	5.0	5.0	5.0	5.0	5.0	5.0	5.0	5.0	5.0
3477.5	158.5910034	4.858	2.835000038	38.69900131	3.328000069	413.91198729999996	5.0	5.0	5.0	5.0	5.0	5.0	5.0	5.0	5.0
3477.625	158.6399994	4.726	2.839999914	35.55799866	3.332000017	394.14801030000007	5.0	5.0	5.0	5.0	5.0	5.0	5.0	5.0	5.0
3477.75	159.4629974	4.923	2.845000029	32.88999939	3.342999935	357.9020080999999	5.0	5.0	5.0	5.0	5.0	5.0	5.0	5.0	5.0
3477.875	161.477005	5.487	2.84800005	35.07699966	3.362999916	311.57000729999993	5.0	5.0	5.0	5.0	5.0	5.0	5.0	5.0	5.0
3478.0	164.3309937	6.265	2.845000029	44.6969986	3.38199997	271.6350098	5.0	5.0	5.0	5.0	5.0	5.0	5.0	5.0	5.0
3478.125	167.3170013	7.068	2.838000059	57.23099899	3.394000053	242.55000309999994	5.0	5.0	5.0	5.0	5.0	5.0	5.0	5.0	5.0
3478.25	170.2180023	7.723	2.83100009	66.38899994	3.417000055	223.4230041999999	5.0	5.0	5.0	5.0	5.0	5.0	5.0	5.0	5.0
3478.375	172.348999	8.072	2.826999903	73.40799713	3.46600008	221.10699460000006	5.0	5.0	5.0	5.0	5.0	5.0	5.0	5.0	5.0
3478.5	172.7550049	8.092	2.826999903	82.0719986	3.536999941	242.36700440000013	5.0	5.0	5.0	5.0	5.0	5.0	5.0	5.0	5.0
3478.625	170.9960022	7.956	2.828000069	86.14299774	3.601999998	285.2179871000002	5.0	5.0	5.0	5.0	5.0	5.0	5.0	5.0	5.0
3478.75	167.4329987	7.676	2.828999996	78.54399872	3.632999897	345.57501219999983	5.0	5.0	5.0	5.0	5.0	5.0	5.0	5.0	5.0
3478.875	162.9629974	7.052	2.826999903	61.75799942	3.611000061	423.61700440000016	5.0	5.0	5.0	5.0	5.0	5.0	5.0	5.0	5.0
3479.0	159.220993	6.233	2.822999954	43.93399811	3.552999973	490.9790039000001	5.0	5.0	5.0	5.0	5.0	5.0	5.0	5.0	5.0
3479.125	157.4290009	5.671	2.816999912	32.25299835	3.500999928	500.13500980000003	5.0	5.0	5.0	5.0	5.0	5.0	5.0	5.0	5.0
3479.25	157.9609985	5.632	2.811000109	29.03800011	3.483999968	455.49301150000025	5.0	5.0	5.0	5.0	5.0	5.0	5.0	5.0	5.0
3479.375	159.7559967	6.076	2.805999994	34.57300186	3.486999989	388.2099914999999	5.0	5.0	5.0	5.0	5.0	5.0	5.0	5.0	5.0
3479.5	162.0429993	6.81	2.801000118	45.1230011	3.486000061	323.20999150000017	5.0	5.0	5.0	5.0	5.0	5.0	5.0	5.0	5.0
3479.625	164.5359955	7.602	2.799000025	55.51699829	3.474999905	271.0610046000001	5.0	5.0	5.0	5.0	5.0	5.0	5.0	5.0	5.0
3479.75	166.8370056	8.261	2.801000118	61.8199997	3.461999893	236.34300230000002	5.0	5.0	5.0	5.0	5.0	5.0	5.0	5.0	5.0
3479.875	168.904007	8.749	2.806999922	65.89800263	3.460999966	216.34199520000004	5.0	5.0	5.0	5.0	5.0	5.0	5.0	5.0	5.0
3480.0	170.9429932	9.183	2.815000057	69.9509964	3.489000082	201.62199400000006	5.0	5.0	5.0	5.0	5.0	5.0	5.0	5.0	5.0
3480.125	172.6430054	9.578	2.819999933	75.17700195	3.549000025	193.67900089999998	5.0	5.0	5.0	5.0	5.0	5.0	5.0	5.0	5.0
3480.25	173.9530029	9.837	2.818000078	79.83899689	3.625999928	193.63000490000007	5.0	5.0	5.0	5.0	5.0	5.0	5.0	5.0	5.0
3480.375	175.2510071	9.925	2.809000015	80.87999725	3.688999891	194.38299560000002	5.0	5.0	5.0	5.0	5.0	5.0	5.0	5.0	5.0
3480.5	176.3170013	9.948	2.799000025	80.93900299	3.710000038	198.99400329999992	5.0	5.0	5.0	5.0	5.0	5.0	5.0	5.0	5.0
3480.625	176.326004	10.051	2.79399991	84.91999817	3.673000097	213.5800017999999	5.0	5.0	5.0	5.0	5.0	5.0	5.0	5.0	5.0
3480.75	174.5	10.145	2.79399991	91.50299835	3.588999987	236.46400449999996	5.0	5.0	5.0	5.0	5.0	5.0	5.0	5.0	5.0
3480.875	170.9660034	10.062	2.799999952	90.51399994	3.496999979	268.97198490000005	5.0	5.0	5.0	5.0	5.0	5.0	5.0	5.0	5.0
3481.0	166.4819946	9.664	2.809000015	74.5510025	3.431999922	309.3590088000002	5.0	5.0	5.0	5.0	5.0	5.0	5.0	5.0	5.0
3481.125	162.5850067	8.907	2.821000099	52.85599899	3.405999899	337.0599975999999	5.0	5.0	5.0	5.0	5.0	5.0	5.0	5.0	5.0
3481.25	160.701004	8.141	2.83100009	40.79299927	3.407000065	337.98098760000005	5.0	5.0	5.0	5.0	5.0	5.0	5.0	5.0	5.0
3481.375	160.7279968	7.761	2.838999987	41.64500046	3.411000013	316.4440001999999	5.0	5.0	5.0	5.0	5.0	5.0	5.0	5.0	5.0
3481.5	161.875	7.782	2.839999914	47.24100113	3.403000116	285.10299680000014	5.0	5.0	5.0	5.0	5.0	5.0	5.0	5.0	5.0
3481.625	163.4230042	8.063	2.835999966	51.97000122	3.381000042	253.48100279999994	5.0	5.0	5.0	5.0	5.0	5.0	5.0	5.0	5.0
3481.75	164.9100037	8.446	2.828000069	55.1230011	3.355000019	230.7510071	5.0	5.0	5.0	5.0	5.0	5.0	5.0	5.0	5.0
3481.875	166.2910004	8.757	2.819000006	56.45700073	3.328999996	222.66700749999995	5.0	5.0	5.0	5.0	5.0	5.0	5.0	5.0	5.0
3482.0	167.6940002	8.95	2.812000036	55.80500031	3.305000067	226.26699829999995	5.0	5.0	5.0	5.0	5.0	5.0	5.0	5.0	5.0
3482.125	168.8820038	9.096	2.805000067	55.93000031	3.295000076	243.30499270000007	5.0	5.0	5.0	5.0	5.0	5.0	5.0	5.0	5.0
3482.25	169.4380035	9.229	2.798000097	58.54299927	3.312999964	263.9649962999999	5.0	5.0	5.0	5.0	5.0	5.0	5.0	5.0	5.0
3482.375	169.2019959	9.369	2.792000055	63.27199936	3.354000092	279.33499150000006	5.0	5.0	5.0	5.0	5.0	5.0	5.0	5.0	5.0
3482.5	168.0740051	9.502	2.789999962	66.48999786	3.392999888	297.8420105000002	5.0	5.0	5.0	5.0	5.0	5.0	5.0	5.0	5.0
3482.625	166.548996	9.498	2.789000034	63.50500107	3.413000107	319.2420044	5.0	5.0	5.0	5.0	5.0	5.0	5.0	5.0	5.0
3482.75	165.4700012	9.326	2.789000034	57.04800034	3.414999962	342.1109923999999	5.0	5.0	5.0	5.0	5.0	5.0	5.0	5.0	5.0
3482.875	165.2319946	9.113	2.790999889	54.15800095	3.417000055	387.8330078000002	5.0	5.0	5.0	5.0	5.0	5.0	5.0	5.0	5.0
3483.0	165.4290009	8.828	2.790999889	55.05500031	3.441999912	459.4530028999999	5.0	5.0	5.0	5.0	5.0	5.0	5.0	5.0	5.0
3483.125	165.496994	8.358	2.786999941	56.89899826	3.509000063	524.2910156	5.0	5.0	5.0	5.0	5.0	5.0	5.0	5.0	5.0
3483.25	165.3090057	7.628	2.776000023	59.85499954	3.627000094	600.9439696999999	5.0	5.0	5.0	5.0	5.0	5.0	5.0	5.0	5.0
3483.375	165.128006	6.601	2.759000063	59.09600067	3.803999901	697.9760132000004	2.0	2.0	2.0	2.0	2.0	2.0	5.0	2.0	2.0
3483.5	165.154007	5.406	2.737999916	48.94599915	4.058000088	789.7670287999996	2.0	2.0	2.0	2.0	2.0	2.0	5.0	2.0	2.0
3483.625	165.7129974	4.345	2.71600008	34.69100189	4.356999874	839.5269775000004	2.0	2.0	2.0	2.0	2.0	2.0	5.0	2.0	2.0
3483.75	167.2649994	3.7	2.697999954	26.11899948	4.611000061	736.7910156000004	2.0	2.0	2.0	2.0	2.0	2.0	5.0	2.0	2.0
3483.875	169.2369995	3.68	2.687000036	26.02000046	4.706999779	507.8890076	2.0	2.0	2.0	2.0	2.0	2.0	2.0	2.0	2.0
3484.0	170.6410065	4.263	2.684999943	27.76499939	4.624000073	303.47500610000003	2.0	2.0	2.0	2.0	2.0	2.0	5.0	2.0	2.0
3484.125	171.529007	5.283	2.687000036	27.31200028	4.421000004	171.96699519999999	2.0	2.0	2.0	2.0	2.0	2.0	5.0	2.0	2.0
3484.25	171.6029968	6.509	2.693000078	25.3409996	4.171000004	96.66699982	2.0	2.0	2.0	2.0	2.0	2.0	5.0	2.0	2.0
3484.375	170.1940002	7.613	2.698999882	23.68700028	3.937999964	61.320999150000006	1.0	1.0	1.0	2.0	1.0	1.0	4.0	1.0	1.0
3484.5	167.826004	8.315	2.707000017	23.4640007	3.766000032	47.26900100999999	1.0	1.0	1.0	1.0	1.0	1.0	4.0	1.0	1.0
3484.625	165.9069977	8.626	2.719000101	22.46500015	3.671999931	40.49000168	1.0	1.0	1.0	1.0	1.0	1.0	4.0	1.0	1.0
3484.75	165.2109985	8.796	2.730999947	20.50399971	3.624000073	36.07099915	1.0	1.0	1.0	1.0	1.0	1.0	4.0	1.0	1.0
3484.875	166.3240051	9.012	2.736999989	19.06699944	3.585000038	32.15000153	1.0	1.0	1.0	1.0	1.0	1.0	4.0	1.0	1.0
3485.0	168.9060059	9.309	2.73300004	17.47299957	3.552000046	27.379999159999997	1.0	1.0	1.0	1.0	1.0	1.0	4.0	1.0	1.0
3485.125	172.1360016	9.682	2.724999905	16.27199936	3.542999983	22.32399941	5.0	1.0	1.0	1.0	1.0	1.0	4.0	1.0	1.0
3485.25	175.2550049	10.131	2.713999987	15.58199978	3.556999922	18.472000120000004	1.0	1.0	1.0	1.0	1.0	1.0	4.0	1.0	1.0
3485.375	177.4700012	10.494	2.703000069	15.97399998	3.575999975	16.430000309999997	1.0	1.0	1.0	1.0	1.0	1.0	4.0	1.0	1.0
3485.5	178.2579956	10.664	2.696000099	17.04999924	3.592000008	16.027000429999998	1.0	1.0	1.0	1.0	1.0	1.0	4.0	1.0	1.0
3485.625	177.5429993	10.694	2.694999933	19.19899941	3.621999979	16.993000030000005	1.0	1.0	1.0	1.0	1.0	1.0	4.0	1.0	1.0
3485.75	175.9329987	10.649	2.700000048	21.65800095	3.684999943	18.9659996	1.0	1.0	1.0	1.0	1.0	1.0	4.0	1.0	1.0
3485.875	174.3820038	10.674	2.704999924	21.43400002	3.762000084	21.267999649999997	1.0	1.0	1.0	1.0	1.0	1.0	4.0	1.0	1.0
3486.0	173.7030029	10.98	2.704999924	19.24200058	3.798000097	22.37700081	1.0	1.0	1.0	1.0	1.0	1.0	4.0	1.0	1.0
3486.125	173.9259949	11.382	2.698999882	17.81100082	3.767999888	21.937999730000005	1.0	1.0	1.0	1.0	1.0	1.0	4.0	1.0	1.0
3486.25	174.4479981	11.419	2.690999985	17.30200005	3.700000048	21.21500015	1.0	1.0	1.0	1.0	1.0	1.0	4.0	1.0	1.0
3486.375	174.1719971	10.796	2.687000036	16.36300087	3.651000023	22.36599922	1.0	1.0	1.0	1.0	1.0	1.0	4.0	1.0	1.0
3486.5	172.7510071	9.659	2.686000109	16.72299957	3.65899992	27.91699982	1.0	1.0	1.0	1.0	1.0	1.0	4.0	1.0	1.0
3486.625	170.352005	8.259	2.690000057	19.03800011	3.737999916	40.88000107	1.0	1.0	1.0	1.0	1.0	1.0	4.0	1.0	1.0
3486.75	167.345993	6.814	2.696000099	21.38500023	3.888999939	65.28299713	1.0	1.0	1.0	1.0	1.0	1.0	4.0	1.0	1.0
3486.875	164.4190064	5.643	2.70600009	23.62599945	4.077000141	102.15000149999996	1.0	1.0	1.0	1.0	1.0	1.0	4.0	1.0	1.0
3487.0	162.4259949	5.041	2.717000008	26.36800003	4.197000027	142.39399720000006	2.0	2.0	2.0	2.0	2.0	2.0	5.0	2.0	2.0
3487.125	161.8540039	5.034	2.732000113	26.95000076	4.147999764	166.30299379999994	2.0	2.0	2.0	2.0	2.0	2.0	5.0	2.0	2.0
3487.25	162.5079956	5.41	2.749000073	23.13800049	3.944999933	177.31399540000004	1.0	1.0	1.0	1.0	1.0	1.0	4.0	1.0	1.0
3487.375	163.2510071	5.702	2.766000032	18.40999985	3.723999977	199.89500429999995	1.0	1.0	1.0	1.0	1.0	4.0	4.0	1.0	1.0
3487.5	163.0269928	5.549	2.77699995	18.44400024	3.614000082	266.8080139000001	4.0	4.0	4.0	4.0	4.0	4.0	4.0	4.0	4.0
3487.625	161.6519928	5.028	2.782999992	23.66500092	3.65199995	402.2950134000002	4.0	4.0	4.0	4.0	4.0	4.0	4.0	4.0	4.0
3487.75	159.5269928	4.417	2.782999992	30.93199921	3.796999931	642.8629761000003	5.0	5.0	2.0	5.0	2.0	5.0	5.0	2.0	2.0
3487.875	157.477005	3.903	2.779000044	36.0909996	3.95600009	948.2069702	2.0	2.0	2.0	2.0	2.0	2.0	5.0	2.0	2.0
3488.0	156.371994	3.571	2.775000095	36.38299942	4.038000107	1143.2330319999999	2.0	2.0	2.0	2.0	2.0	2.0	5.0	2.0	2.0
3488.125	156.5919952	3.484	2.773999929	31.40999985	3.99000001	1097.2480470000003	2.0	2.0	2.0	2.0	2.0	2.0	5.0	2.0	2.0
3488.25	158.022995	3.656	2.776000023	26.6420002	3.835999966	886.65802	2.0	2.0	2.0	2.0	2.0	2.0	5.0	2.0	2.0
3488.375	160.9109955	4.121	2.778000116	28.68000031	3.651000023	617.7600098000004	5.0	5.0	5.0	5.0	5.0	5.0	5.0	5.0	5.0
3488.5	165.3869934	4.942	2.780999899	42.23600006	3.515000105	399.8829956	5.0	5.0	5.0	5.0	5.0	5.0	5.0	5.0	5.0
3488.625	171.0690002	6.109	2.782000065	62.84299851	3.463000059	258.0759888	5.0	5.0	5.0	5.0	5.0	5.0	5.0	5.0	5.0
3488.75	177.2109985	7.445	2.778000116	82.68199921	3.480000019	175.9199982	5.0	5.0	5.0	5.0	5.0	5.0	5.0	5.0	5.0
3488.875	182.973999	8.58	2.772000074	97.62999725	3.532000065	134.3410034	5.0	5.0	5.0	5.0	5.0	5.0	5.0	5.0	5.0
3489.0	187.6170044	9.28	2.767999888	108.1869965	3.614000082	115.65699770000005	5.0	5.0	5.0	5.0	5.0	5.0	5.0	5.0	5.0
3489.125	190.6390076	9.506	2.763999939	114.6070023	3.736000061	112.61299900000006	2.0	2.0	2.0	2.0	2.0	5.0	5.0	2.0	5.0
3489.25	191.3600006	9.166	2.759000063	115.5309982	3.904999971	124.60500340000003	2.0	2.0	2.0	2.0	2.0	2.0	5.0	2.0	2.0
3489.375	189.177002	8.314	2.753999949	110.4560013	4.110000134	152.82000730000001	2.0	2.0	2.0	2.0	2.0	2.0	5.0	2.0	2.0
3489.5	184.1320038	7.133	2.75	97.68800354	4.323999882	200.51699830000007	2.0	2.0	2.0	2.0	2.0	2.0	5.0	2.0	2.0
3489.625	177.5449982	5.739	2.743999958	77.36399841	4.506000042	274.7569885000001	2.0	2.0	2.0	2.0	2.0	2.0	5.0	2.0	2.0
3489.75	171.8040009	4.351	2.737999916	58.14599991	4.622000217	376.29599	2.0	2.0	2.0	2.0	2.0	2.0	5.0	2.0	2.0
3489.875	168.4799957	3.295	2.73300004	49.86600113	4.668000221	479.4590149000001	2.0	2.0	2.0	2.0	2.0	2.0	2.0	2.0	2.0
3490.0	167.2940064	2.72	2.729000092	48.85599899	4.665999889	574.3109740999998	2.0	2.0	2.0	2.0	2.0	2.0	5.0	2.0	2.0
3490.125	167.1750031	2.582	2.726000071	48.68899918	4.625999928	656.1209717000002	2.0	2.0	2.0	2.0	2.0	2.0	5.0	2.0	2.0
3490.25	166.6959992	2.724	2.726999998	46.64199829	4.53000021	647.1329955999998	2.0	2.0	2.0	2.0	2.0	2.0	5.0	2.0	2.0
3490.375	165.7839966	2.983	2.732000113	42.40299988	4.361999989	588.4359740999997	2.0	2.0	2.0	2.0	2.0	2.0	5.0	2.0	2.0
3490.5	164.7319946	3.212	2.742000103	35.66400147	4.146999836	524.7540282999998	2.0	2.0	2.0	2.0	2.0	2.0	5.0	2.0	2.0
3490.625	163.5299988	3.243	2.755000114	27.72900009	3.980000019	482.77899169999984	2.0	2.0	2.0	2.0	2.0	2.0	5.0	2.0	2.0
3490.75	162.4219971	2.968	2.76699996	22.02099991	3.950000048	470.7630004999998	1.0	1.0	1.0	1.0	1.0	1.0	4.0	1.0	1.0
3490.875	161.4170075	2.511	2.773000002	19.90200043	4.059999943	481.6619873000002	1.0	1.0	1.0	1.0	1.0	1.0	4.0	1.0	1.0
3491.0	160.6690064	2.22	2.77699995	19.69899941	4.195000172	495.4370116999998	1.0	1.0	1.0	1.0	1.0	1.0	4.0	1.0	1.0
3491.125	160.4060059	2.306	2.779999971	21.52700043	4.22300005	491.85299679999986	1.0	1.0	1.0	1.0	1.0	1.0	4.0	1.0	1.0
3491.25	160.7810059	2.806	2.786999941	24.77199936	4.076000214	468.26400760000024	1.0	1.0	1.0	1.0	1.0	1.0	4.0	1.0	1.0
3491.375	161.5200043	3.64	2.796999931	29.01099968	3.819000006	432.92199710000017	5.0	5.0	5.0	5.0	5.0	5.0	5.0	5.0	5.0
3491.5	162.3209992	4.615	2.809000015	34.43399811	3.571000099	386.2130126999999	5.0	5.0	5.0	5.0	5.0	5.0	5.0	5.0	5.0
3491.625	163.1609955	5.446	2.819000006	41.47600174	3.411999941	360.9649963	5.0	5.0	5.0	5.0	5.0	5.0	5.0	5.0	5.0
3491.75	164.0859985	6.054	2.822999954	49.49399948	3.339999914	363.82299809999995	5.0	5.0	5.0	5.0	5.0	5.0	5.0	5.0	5.0
3491.875	164.8110046	6.491	2.822000027	56.43099976	3.321000099	410.4700011999999	5.0	5.0	5.0	5.0	5.0	5.0	5.0	5.0	5.0
3492.0	165.1809998	6.659	2.815999985	57.34500122	3.332999945	502.05499269999984	5.0	5.0	5.0	5.0	5.0	5.0	5.0	5.0	5.0
3492.125	165.0200043	6.443	2.803999901	50.6570015	3.371999979	623.5949707000002	5.0	5.0	5.0	5.0	5.0	5.0	5.0	5.0	5.0
3492.25	164.449997	5.865	2.789000034	40.24499893	3.448999882	771.3759766000002	5.0	5.0	5.0	5.0	5.0	5.0	5.0	5.0	5.0
3492.375	164.8650055	5.203	2.776000023	31.0340004	3.562999964	687.1630249000001	5.0	5.0	5.0	5.0	5.0	5.0	5.0	5.0	5.0
3492.5	167.3399963	4.779	2.767999888	27.51600075	3.664000034	533.0369873	5.0	2.0	5.0	5.0	5.0	5.0	5.0	5.0	5.0
3492.625	170.9440002	4.751	2.765000105	32.38299942	3.719000101	437.14999390000014	2.0	2.0	2.0	2.0	2.0	5.0	5.0	2.0	2.0
3492.75	173.3209992	5.006	2.76699996	41.72900009	3.75699997	395.3710021999999	2.0	2.0	2.0	2.0	2.0	5.0	5.0	2.0	5.0
3492.875	173.0700073	5.249	2.773000002	50.30899811	3.802000046	402.03399660000014	5.0	2.0	2.0	2.0	2.0	2.0	5.0	2.0	2.0
3493.0	169.8650055	5.355	2.785000086	53.73300171	3.812000036	477.86801149999997	5.0	5.0	5.0	5.0	5.0	5.0	5.0	5.0	5.0
3493.125	165.7089996	5.372	2.799000025	50.41699982	3.743999958	614.9050293	5.0	5.0	5.0	5.0	5.0	5.0	5.0	5.0	5.0
3493.25	162.7910004	5.263	2.812999964	43.15399933	3.618999958	670.7890015000002	5.0	5.0	5.0	5.0	5.0	5.0	5.0	5.0	5.0
3493.375	162.0180054	5.07	2.822000027	34.87099838	3.493999958	614.4890137000001	5.0	5.0	5.0	5.0	5.0	5.0	5.0	5.0	5.0
3493.5	163.0299988	5.031	2.825000048	28.93099976	3.417999983	504.49301149999985	5.0	5.0	5.0	5.0	5.0	5.0	5.0	5.0	5.0
3493.625	165.576004	5.347	2.822000027	27.70700073	3.407999992	373.8049927000002	5.0	5.0	5.0	5.0	5.0	5.0	5.0	5.0	5.0
3493.75	169.8710022	6.014	2.815000057	34.22700119	3.46600008	261.8099976000001	5.0	5.0	5.0	5.0	5.0	5.0	5.0	5.0	5.0
3493.875	175.4349976	6.875	2.803999901	51.29899979	3.578999996	183.9810028	5.0	5.0	5.0	5.0	5.0	5.0	5.0	5.0	5.0
3494.0	181.9120026	7.749	2.786000013	75.88999939	3.719000101	139.61199950000005	5.0	5.0	5.0	5.0	5.0	5.0	5.0	5.0	5.0
3494.125	187.6779938	8.409	2.766000032	94.38400269	3.819000006	129.91200259999997	2.0	2.0	2.0	2.0	2.0	2.0	5.0	2.0	2.0
3494.25	189.4989929	8.633	2.75	97.20999908	3.816999912	144.94500729999996	2.0	2.0	2.0	2.0	2.0	2.0	5.0	2.0	2.0
3494.375	186.3690033	8.205	2.746999979	88.63600159	3.70600009	178.0839996	2.0	2.0	2.0	2.0	2.0	2.0	5.0	2.0	2.0
3494.5	179.2859955	7.263	2.759000063	72.91899872	3.558000088	234.3710022	5.0	5.0	5.0	5.0	5.0	5.0	5.0	5.0	5.0
3494.625	171.6719971	6.369	2.779999971	52.28499985	3.467000008	304.3259888000001	5.0	5.0	5.0	5.0	5.0	5.0	5.0	5.0	5.0
3494.75	168.3079987	5.902	2.799000025	38.00099945	3.473999977	336.22000119999996	5.0	5.0	5.0	5.0	5.0	5.0	5.0	5.0	5.0
3494.875	168.8190002	5.927	2.805999994	39.02399826	3.536000013	331.67800899999986	5.0	5.0	5.0	5.0	5.0	5.0	5.0	5.0	5.0
3495.0	170.1860046	6.37	2.801000118	49.66400147	3.585999966	319.2650147000001	5.0	5.0	5.0	5.0	5.0	5.0	5.0	5.0	5.0
3495.125	170.1519928	6.877	2.79399991	57.8409996	3.585000038	317.25698850000015	5.0	5.0	5.0	5.0	5.0	5.0	5.0	5.0	5.0
3495.25	167.4459992	7.065	2.789999962	58.86399841	3.539999962	339.1960144	5.0	5.0	5.0	5.0	5.0	5.0	5.0	5.0	5.0
3495.375	163.1239929	6.946	2.79399991	54.18299866	3.47300005	380.38101200000017	5.0	5.0	5.0	5.0	5.0	5.0	5.0	5.0	5.0
3495.5	159.2290039	6.714	2.799999952	47.46300125	3.395999908	420.1619873	5.0	5.0	5.0	5.0	5.0	5.0	5.0	5.0	5.0
3495.625	156.2649994	6.511	2.802000046	41.67300034	3.319000006	434.31600950000006	5.0	5.0	5.0	5.0	5.0	5.0	5.0	5.0	5.0
3495.75	154.7100067	6.552	2.792999983	35.59899902	3.250999928	393.1350097999999	5.0	5.0	5.0	5.0	5.0	5.0	5.0	5.0	5.0
3495.875	155.5110016	7.205	2.763999939	30.17399979	3.203999996	291.5199890000002	5.0	5.0	5.0	5.0	5.0	5.0	5.0	5.0	5.0
3496.0	159.3880005	8.733	2.707000017	32.18600082	3.174000025	181.8780059999999	2.0	5.0	2.0	5.0	2.0	2.0	5.0	2.0	2.0
3496.125	166.654007	11.069	2.617000103	48.47200012	3.148999929	105.43699649999999	2.0	2.0	2.0	2.0	2.0	2.0	5.0	2.0	2.0
3496.25	176.0970001	13.438	2.509999991	76.97699738	3.127000094	65.77999878	2.0	2.0	2.0	2.0	2.0	2.0	5.0	2.0	2.0
3496.375	188.1349945	15.024	2.41899991	105.1289978	3.134999991	50.48799895999999	2.0	2.0	2.0	2.0	2.0	2.0	5.0	2.0	2.0
3496.5	203.2910004	15.507	2.385999918	120.6660004	3.230000019	49.66400146999999	2.0	2.0	2.0	2.0	2.0	5.0	5.0	2.0	2.0
3496.625	214.7940064	14.666	2.41899991	119.0550003	3.430000067	57.48899840999999	2.0	2.0	2.0	2.0	2.0	2.0	5.0	2.0	2.0
3496.75	220.0930023	13.048	2.484999895	106.1839981	3.664999962	72.62000275	2.0	2.0	2.0	2.0	2.0	2.0	5.0	2.0	2.0
3496.875	216.2870026	11.842	2.545000076	94.28900147	3.825999975	93.66500092000001	2.0	2.0	2.0	2.0	2.0	2.0	5.0	2.0	2.0
3497.0	205.6439972	11.329	2.589999914	91.95700073	3.897000074	128.06599430000006	2.0	2.0	2.0	2.0	2.0	2.0	5.0	2.0	2.0
3497.125	193.0599976	10.945	2.631000042	94.65599823	3.963999987	217.03700260000008	2.0	2.0	2.0	2.0	2.0	2.0	5.0	2.0	2.0
3497.25	177.1490021	10.1	2.670000076	93.85199738	4.122000217	387.45098880000006	2.0	2.0	2.0	2.0	2.0	2.0	5.0	2.0	2.0
3497.375	166.4539948	8.679	2.703000069	83.42900085	4.366000176	670.6149901999996	2.0	2.0	2.0	2.0	2.0	2.0	5.0	2.0	2.0
3497.5	160.8139954	6.901	2.724999905	64.72699738	4.625	1096.4310300000004	2.0	2.0	2.0	2.0	2.0	2.0	5.0	2.0	2.0
3497.625	157.9790039	5.217	2.73300004	46.55500031	4.822000027	1434.360962	2.0	2.0	2.0	2.0	2.0	2.0	2.0	2.0	2.0
3497.75	158.3650055	4.034	2.732000113	35.4090004	4.913000107	1286.1490480000002	2.0	2.0	2.0	2.0	2.0	2.0	2.0	2.0	2.0
3497.875	161.0050049	3.57	2.730999947	32.25999832	4.887000084	897.3400268999997	2.0	2.0	2.0	2.0	2.0	2.0	2.0	2.0	2.0
3498.0	164.8190002	3.881	2.734999895	35.73300171	4.741000176	586.7130126999998	2.0	2.0	2.0	2.0	2.0	2.0	2.0	2.0	2.0
3498.125	168.5130005	4.742	2.744999886	44.84299851	4.505000114	387.05599979999994	2.0	2.0	2.0	2.0	2.0	2.0	5.0	2.0	2.0
3498.25	172.1569977	5.839	2.757999897	58.42200089	4.230999947	309.6199951000001	2.0	2.0	2.0	2.0	2.0	2.0	5.0	2.0	2.0
3498.375	174.1710053	6.868	2.772000074	68.98300171	3.976999998	323.9739990000001	2.0	2.0	2.0	2.0	2.0	2.0	5.0	2.0	2.0
3498.5	173.0700073	7.516	2.782000065	70.85600281	3.765000105	393.46398930000015	5.0	5.0	5.0	5.0	5.0	5.0	5.0	5.0	5.0
3498.625	169.0010071	7.556	2.789000034	63.64300156	3.592000008	506.3269958999998	5.0	5.0	5.0	5.0	5.0	5.0	5.0	5.0	5.0
3498.75	163.6369934	7.151	2.795000076	51.92699814	3.461999893	621.9819946	5.0	5.0	5.0	5.0	5.0	5.0	5.0	5.0	5.0
3498.875	159.2449951	6.689	2.801000118	44.18199921	3.387000084	679.3839722000001	5.0	5.0	5.0	5.0	5.0	5.0	5.0	5.0	5.0
3499.0	157.302002	6.409	2.805000067	43.4109993	3.35800004	676.9669799999998	5.0	5.0	5.0	5.0	5.0	5.0	5.0	5.0	5.0
3499.125	157.3540039	6.279	2.808000088	42.12599945	3.351000071	647.5939941	5.0	5.0	5.0	5.0	5.0	5.0	5.0	5.0	5.0
3499.25	158.9490051	6.251	2.808000088	37.07400131	3.357000113	584.8880004999997	5.0	5.0	5.0	5.0	5.0	5.0	5.0	5.0	5.0
3499.375	162.3309937	6.345	2.806999922	33.38399887	3.381000042	480.6119995	5.0	5.0	5.0	5.0	5.0	5.0	5.0	5.0	5.0
3499.5	167.3150024	6.55	2.803999901	34.90399933	3.427000046	365.56399539999995	5.0	5.0	5.0	5.0	5.0	5.0	5.0	5.0	5.0
3499.625	173.0639954	6.954	2.801000118	39.83300018	3.480999947	272.04098510000006	5.0	5.0	5.0	5.0	5.0	5.0	5.0	5.0	5.0
3499.75	177.6699982	7.642	2.796999931	50.84799957	3.522000074	214.9429932000001	5.0	5.0	5.0	5.0	5.0	5.0	5.0	5.0	5.0
3499.875	179.6880035	8.449	2.792999983	71.0	3.542999983	188.08000180000008	5.0	5.0	5.0	5.0	5.0	5.0	5.0	5.0	5.0
3500.0	178.4089966	9.131	2.789999962	96.08999634	3.553999901	184.5249939	5.0	5.0	5.0	5.0	5.0	5.0	5.0	5.0	5.0
3500.125	174.0299988	9.329	2.789999962	112.0370026	3.552999973	203.83000180000002	5.0	5.0	5.0	5.0	5.0	5.0	5.0	5.0	5.0
3500.25	168.6289978	8.814	2.792999983	107.2320023	3.526000023	239.00999449999998	5.0	5.0	5.0	5.0	5.0	5.0	5.0	5.0	5.0
3500.375	164.2389984	7.868	2.798000097	84.26399994	3.48300004	277.8819884999999	5.0	5.0	5.0	5.0	5.0	5.0	5.0	5.0	5.0
3500.5	161.4530029	7.019	2.802999973	60.86100006	3.45600009	310.8429871	5.0	5.0	5.0	5.0	5.0	5.0	5.0	5.0	5.0
3500.625	159.8220062	6.502	2.805999994	48.50500107	3.463000059	336.4599914999999	5.0	5.0	5.0	5.0	5.0	5.0	5.0	5.0	5.0
3500.75	159.1119995	6.26	2.809000015	45.95299912	3.486999989	354.70199590000004	5.0	5.0	5.0	5.0	5.0	5.0	5.0	5.0	5.0
3500.875	159.3179932	6.118	2.812000036	44.26599884	3.509999991	358.4410095	5.0	5.0	5.0	5.0	5.0	5.0	5.0	5.0	5.0
3501.0	160.5890045	5.944	2.816999912	40.57699966	3.532000065	348.31298830000003	5.0	5.0	5.0	5.0	5.0	5.0	5.0	5.0	5.0
3501.125	163.1100006	5.691	2.818000078	41.50600052	3.58100009	341.8049927000002	5.0	5.0	5.0	5.0	5.0	5.0	5.0	5.0	5.0
3501.25	165.9060059	5.395	2.812000036	51.89199829	3.684000015	361.74700930000006	5.0	5.0	5.0	5.0	5.0	5.0	5.0	5.0	5.0
3501.375	167.7669983	5.054	2.799000025	64.5	3.844000101	428.86499019999985	5.0	5.0	5.0	5.0	5.0	5.0	5.0	5.0	5.0
3501.5	167.5919952	4.491	2.782999992	63.47999954	4.019999981	564.8850098000001	2.0	2.0	2.0	2.0	2.0	2.0	5.0	2.0	2.0
3501.625	165.6710053	3.619	2.766000032	50.26800156	4.142000198	815.2080077999997	2.0	2.0	2.0	2.0	2.0	2.0	5.0	2.0	2.0
3501.75	163.1390076	2.693	2.752000094	35.51100159	4.172999859	1155.125977	2.0	2.0	2.0	2.0	2.0	2.0	5.0	2.0	2.0
3501.875	160.7960053	2.106	2.743999958	27.00799942	4.145999908	1313.1020509999998	2.0	2.0	2.0	2.0	2.0	2.0	5.0	2.0	2.0
3502.0	158.4589996	1.974	2.743999958	23.7840004	4.097000122	1254.8299559999998	1.0	1.0	1.0	1.0	1.0	1.0	4.0	1.0	1.0
3502.125	156.3399963	2.234	2.753000021	23.26099968	3.999000073	1120.1689449999997	1.0	1.0	1.0	1.0	1.0	1.0	4.0	1.0	1.0
3502.25	154.7299957	2.783	2.770999908	24.0	3.829999924	951.2360229999997	1.0	1.0	1.0	1.0	1.0	1.0	4.0	1.0	1.0
3502.375	153.727005	3.497	2.790999889	25.98999977	3.632999897	770.5070189999999	5.0	5.0	5.0	5.0	5.0	5.0	5.0	5.0	5.0
3502.5	154.470993	4.209	2.805999994	28.79400063	3.49000001	621.4959717	5.0	5.0	5.0	5.0	5.0	5.0	5.0	5.0	5.0
3502.625	156.5130005	4.794	2.812000036	31.9640007	3.443000078	521.1669921999998	5.0	5.0	5.0	5.0	5.0	5.0	5.0	5.0	5.0
3502.75	158.5930023	5.333	2.811000109	37.79299927	3.470000029	454.1820068	5.0	5.0	5.0	5.0	5.0	5.0	5.0	5.0	5.0
3502.875	160.7220001	5.848	2.808000088	44.91899872	3.525000095	402.1289977999998	5.0	5.0	5.0	5.0	5.0	5.0	5.0	5.0	5.0
3503.0	162.8769989	6.11	2.802999973	46.70600128	3.566999912	352.55300900000015	5.0	5.0	5.0	5.0	5.0	5.0	5.0	5.0	5.0
3503.125	164.2590027	6.104	2.796999931	43.56499863	3.585000038	320.4309997999998	5.0	5.0	5.0	5.0	5.0	5.0	5.0	5.0	5.0
3503.25	164.8000031	6.109	2.792999983	44.02099991	3.575000048	313.10501100000005	5.0	5.0	5.0	5.0	5.0	5.0	5.0	5.0	5.0
3503.375	164.3379974	6.209	2.790999889	45.55500031	3.538000107	318.1979981	5.0	5.0	5.0	5.0	5.0	5.0	5.0	5.0	5.0
3503.5	162.4600067	6.253	2.792999983	41.78099823	3.484999895	332.0899962999999	5.0	5.0	5.0	5.0	5.0	5.0	5.0	5.0	5.0
3503.625	160.0729981	6.145	2.796000004	35.0719986	3.440000057	353.2640075999999	5.0	5.0	5.0	5.0	5.0	5.0	5.0	5.0	5.0
3503.75	158.5729981	5.934	2.798000097	30.49600029	3.423000097	364.1449889999999	5.0	5.0	5.0	5.0	5.0	5.0	5.0	5.0	5.0
3503.875	158.9089966	5.738	2.795000076	28.9659996	3.430000067	357.6860046	5.0	5.0	5.0	5.0	5.0	5.0	5.0	5.0	5.0
3504.0	160.4649963	5.588	2.786000013	29.22200012	3.440999985	351.5849914999999	5.0	5.0	5.0	5.0	5.0	5.0	5.0	5.0	5.0
3504.125	162.0800018	5.445	2.773999929	28.39900017	3.444000006	359.8229981	5.0	5.0	5.0	5.0	5.0	5.0	5.0	5.0	5.0
3504.25	163.3209992	5.4	2.763999939	25.04899979	3.437999964	369.14999389999986	5.0	4.0	5.0	4.0	5.0	5.0	5.0	5.0	5.0
3504.375	163.6940002	5.494	2.757999897	23.54299927	3.420000076	377.91598510000006	4.0	4.0	4.0	4.0	4.0	4.0	4.0	4.0	4.0
3504.5	163.2850037	5.639	2.75699997	23.40200043	3.381000042	391.78100589999997	5.0	4.0	4.0	4.0	4.0	4.0	4.0	4.0	4.0
3504.625	162.4190064	5.788	2.765000105	20.73800087	3.322999954	417.39300540000005	4.0	4.0	4.0	4.0	4.0	4.0	4.0	4.0	4.0
3504.75	161.3930054	5.86	2.77699995	16.75499916	3.266000032	456.8569946	4.0	4.0	4.0	4.0	4.0	4.0	4.0	4.0	4.0
3504.875	160.7440033	5.767	2.789000034	15.52200031	3.23300004	501.0480041999999	4.0	4.0	4.0	4.0	4.0	4.0	4.0	4.0	4.0
3505.0	160.6549988	5.564	2.796999931	20.21800041	3.230000019	565.2269898000001	3.0	4.0	4.0	4.0	4.0	4.0	4.0	4.0	4.0
3505.125	160.4279938	5.336	2.802999973	28.08799934	3.240999937	635.8209838999996	5.0	5.0	5.0	5.0	5.0	5.0	5.0	5.0	5.0
3505.25	159.7489929	5.117	2.805999994	31.96100044	3.257999897	633.5239868000003	5.0	5.0	5.0	5.0	5.0	5.0	5.0	5.0	5.0
3505.375	159.0720062	5.003	2.803999901	27.30699921	3.286999941	581.5560302999999	5.0	5.0	5.0	5.0	5.0	5.0	5.0	5.0	5.0
3505.5	159.5269928	5.003	2.796000004	20.25499916	3.335000038	508.2630004999999	4.0	4.0	4.0	4.0	4.0	4.0	4.0	4.0	4.0
3505.625	162.0070038	5.087	2.786000013	18.79000092	3.410000086	426.08700560000017	4.0	4.0	4.0	4.0	4.0	4.0	4.0	4.0	4.0
3505.75	166.2740021	5.359	2.77699995	26.04199982	3.523999929	348.2309876	5.0	5.0	5.0	5.0	5.0	5.0	5.0	5.0	5.0
3505.875	171.7960053	5.831	2.769000053	38.84500122	3.681999922	283.5130004999999	5.0	2.0	5.0	2.0	5.0	5.0	5.0	5.0	5.0
3506.0	177.6880035	6.276	2.766000032	52.13199997	3.851000071	249.28799440000003	2.0	2.0	2.0	2.0	2.0	2.0	5.0	2.0	2.0
3506.125	182.1580048	6.444	2.76699996	65.49299622	4.005000114	274.2210083	2.0	2.0	2.0	2.0	2.0	2.0	5.0	2.0	2.0
3506.25	183.6529999	6.21	2.769000053	78.20500183	4.163000107	360.22601319999995	2.0	2.0	2.0	2.0	2.0	2.0	5.0	2.0	2.0
3506.375	181.7680054	5.45	2.769000053	81.65200043	4.348999977	534.4910278	2.0	2.0	2.0	2.0	2.0	2.0	5.0	2.0	2.0
3506.5	176.8110046	4.328	2.767999888	68.73999786	4.527999878	828.4660033999999	2.0	2.0	2.0	2.0	2.0	2.0	5.0	2.0	2.0
3506.625	170.4230042	3.236	2.767999888	48.90499878	4.625	1224.916016	2.0	2.0	2.0	2.0	2.0	2.0	5.0	2.0	2.0
3506.75	164.9490051	2.498	2.769999981	34.40800095	4.580999851	1606.1750489999993	2.0	2.0	2.0	2.0	2.0	2.0	5.0	2.0	2.0
3506.875	161.0480042	2.217	2.773000002	26.61199951	4.416999817	2065.437988000001	2.0	2.0	2.0	2.0	2.0	2.0	5.0	2.0	2.0
3507.0	158.7649994	2.316	2.779000044	21.27899933	4.201000214	2682.933105999999	1.0	1.0	1.0	1.0	1.0	1.0	4.0	1.0	1.0
3507.125	158.0440064	2.646	2.78399992	18.27799988	4.000999928	2815.9240719999984	1.0	1.0	1.0	1.0	1.0	1.0	4.0	1.0	1.0
3507.25	157.9129944	3.073	2.788000107	19.07399941	3.84800005	2026.621948	4.0	1.0	4.0	4.0	4.0	4.0	4.0	4.0	4.0
3507.375	158.2460022	3.525	2.792000055	22.27300072	3.729000092	1277.7039800000007	4.0	4.0	4.0	4.0	4.0	4.0	4.0	4.0	4.0
3507.5	158.996994	3.979	2.799999952	26.37599945	3.622999907	834.1870116999996	5.0	5.0	5.0	5.0	5.0	5.0	5.0	5.0	5.0
3507.625	160.2030029	4.447	2.809000015	32.07400131	3.519999981	511.17300420000015	5.0	5.0	5.0	5.0	5.0	5.0	5.0	5.0	5.0
3507.75	161.8809967	5.027	2.816999912	40.70100021	3.424000025	353.75201420000013	5.0	5.0	5.0	5.0	5.0	5.0	5.0	5.0	5.0
3507.875	164.1609955	5.819	2.819000006	49.02000046	3.349999905	267.2460021999999	5.0	5.0	5.0	5.0	5.0	5.0	5.0	5.0	5.0
3508.0	168.1920013	6.776	2.815000057	54.36000061	3.315999985	200.20599369999996	5.0	5.0	5.0	5.0	5.0	5.0	5.0	5.0	5.0
3508.125	173.2859955	7.759	2.805000067	57.76499939	3.329999924	156.16000369999995	5.0	5.0	5.0	5.0	5.0	5.0	5.0	5.0	5.0
3508.25	178.2870026	8.674	2.788000107	68.34799957	3.375	128.15699769999998	5.0	5.0	5.0	5.0	5.0	5.0	5.0	5.0	5.0
3508.375	182.3820038	9.455	2.766000032	83.63800049	3.431999922	111.18599699999996	5.0	5.0	5.0	5.0	5.0	5.0	5.0	5.0	5.0
3508.5	184.0180054	10.013	2.74000001	92.3219986	3.463999987	103.26399989999996	2.0	5.0	2.0	5.0	2.0	5.0	5.0	2.0	5.0
3508.625	185.0169983	10.268	2.713999987	91.33899689	3.436000109	103.35299680000004	2.0	2.0	2.0	2.0	2.0	2.0	5.0	2.0	2.0
3508.75	186.2969971	10.132	2.697999954	84.0739975	3.358999968	111.2170029	2.0	2.0	2.0	2.0	2.0	2.0	5.0	2.0	2.0
3508.875	185.2769928	9.614	2.697999954	72.60900116	3.296999931	125.31199650000002	2.0	2.0	2.0	2.0	2.0	2.0	5.0	2.0	2.0
3509.0	181.1679993	8.749	2.71600008	60.60400009	3.313999891	143.11099239999993	2.0	2.0	2.0	2.0	2.0	5.0	5.0	2.0	2.0
3509.125	175.4539948	7.792	2.746999979	52.1230011	3.407000065	163.18400569999997	5.0	5.0	5.0	5.0	5.0	5.0	5.0	5.0	5.0
3509.25	168.5679932	7.367	2.776000023	48.78699875	3.513000011	179.17599490000003	5.0	5.0	5.0	5.0	5.0	5.0	5.0	5.0	5.0
3509.375	167.1139984	7.665	2.792000055	48.81399918	3.573999882	185.79499820000007	5.0	5.0	5.0	5.0	5.0	5.0	5.0	5.0	5.0
3509.5	171.2980042	8.396	2.792000055	53.11000061	3.575999975	189.29699710000003	5.0	5.0	5.0	5.0	5.0	5.0	5.0	5.0	5.0
3509.625	176.1589966	9.221	2.785000086	64.4240036	3.53399992	201.0489959999999	5.0	5.0	5.0	5.0	5.0	5.0	5.0	5.0	5.0
3509.75	178.7749939	9.744	2.780999899	76.3259964	3.470000029	228.61999509999995	5.0	5.0	5.0	5.0	5.0	5.0	5.0	5.0	5.0
3509.875	176.9160004	9.511	2.786000013	75.16600037	3.405999899	280.0960083	5.0	5.0	5.0	5.0	5.0	5.0	5.0	5.0	5.0
3510.0	171.1730042	8.73	2.796999931	58.24599838	3.35800004	359.3009948999999	5.0	5.0	5.0	5.0	5.0	5.0	5.0	5.0	5.0
3510.125	166.8860016	7.928	2.805000067	37.6629982	3.338000059	430.97500609999975	5.0	5.0	5.0	5.0	5.0	5.0	5.0	5.0	5.0
3510.25	165.0809937	7.324	2.808000088	24.22900009	3.355999947	453.7999878000001	4.0	4.0	4.0	5.0	4.0	4.0	4.0	4.0	4.0
3510.375	163.9089966	6.971	2.805999994	19.3010006	3.407999992	423.6499939	4.0	4.0	4.0	4.0	4.0	4.0	4.0	4.0	4.0
3510.5	163.4640045	6.971	2.802000046	19.9109993	3.474999905	358.97601319999984	4.0	4.0	4.0	4.0	4.0	4.0	4.0	4.0	4.0
3510.625	164.2189941	7.385	2.799999952	24.62800026	3.530999899	290.2579956000001	4.0	4.0	4.0	4.0	4.0	4.0	4.0	4.0	4.0
3510.75	165.6150055	8.148	2.801000118	31.53499985	3.555999994	235.25399779999998	5.0	5.0	5.0	5.0	5.0	5.0	5.0	5.0	5.0
3510.875	167.7290039	9.118	2.802000046	39.50400162	3.551000118	194.55200200000004	5.0	5.0	5.0	5.0	5.0	5.0	5.0	5.0	5.0
3511.0	169.8000031	9.91	2.802000046	47.97800064	3.526000023	172.62399290000005	5.0	5.0	5.0	5.0	5.0	5.0	5.0	5.0	5.0
3511.125	170.1649933	10.269	2.801000118	55.5719986	3.483999968	169.24699399999992	5.0	5.0	5.0	5.0	5.0	5.0	5.0	5.0	5.0
3511.25	168.25	10.263	2.796999931	62.58200073	3.434000015	174.70199589999996	5.0	5.0	5.0	5.0	5.0	5.0	5.0	5.0	5.0
3511.375	164.5359955	9.934	2.786000013	64.72599793	3.400000095	177.87500000000003	5.0	5.0	5.0	5.0	5.0	5.0	5.0	5.0	5.0
3511.5	160.7109985	9.46	2.759999991	57.24300003	3.400000095	171.4409943	5.0	5.0	5.0	5.0	5.0	5.0	5.0	5.0	5.0
3511.625	158.7920075	9.302	2.707000017	43.22299957	3.421000004	143.00100710000004	2.0	2.0	2.0	2.0	2.0	2.0	5.0	2.0	2.0
3511.75	162.371994	9.822	2.627000094	34.77199936	3.424999952	102.3089981	2.0	2.0	2.0	2.0	2.0	2.0	5.0	2.0	2.0
3511.875	171.7310028	10.89	2.540999889	36.34700012	3.388999939	71.12699890000002	2.0	2.0	2.0	2.0	2.0	2.0	5.0	2.0	2.0
3512.0	185.220993	11.875	2.49000001	45.54100037	3.332999945	55.57400131	2.0	2.0	2.0	2.0	2.0	2.0	5.0	2.0	2.0
3512.125	195.0420075	11.81	2.500999928	57.19900131	3.292999983	54.372001649999994	2.0	2.0	2.0	2.0	2.0	2.0	5.0	2.0	2.0
3512.25	193.5410004	10.358	2.569000006	63.85300064	3.285000086	69.75099944999998	2.0	2.0	2.0	2.0	2.0	2.0	5.0	2.0	2.0
3512.375	179.9689941	8.53	2.65899992	59.67100143	3.303999901	109.73699950000002	5.0	2.0	2.0	2.0	2.0	2.0	5.0	2.0	2.0
3512.5	167.1990051	7.21	2.733999968	48.15599823	3.351999998	177.4499969999999	2.0	5.0	5.0	5.0	5.0	5.0	5.0	5.0	5.0
3512.625	157.8320007	6.458	2.779000044	36.10699844	3.427000046	266.2479857999999	5.0	5.0	5.0	5.0	5.0	5.0	5.0	5.0	5.0
3512.75	151.6779938	6.184	2.802999973	29.99500084	3.496999979	369.05999759999986	5.0	5.0	5.0	5.0	5.0	5.0	5.0	5.0	5.0
3512.875	150.1100006	6.233	2.815000057	28.95599937	3.516000032	443.7820128999998	5.0	5.0	5.0	5.0	5.0	5.0	5.0	5.0	5.0
3513.0	152.0119934	6.364	2.825999975	27.98399925	3.476000071	460.6700133999999	5.0	5.0	5.0	5.0	5.0	5.0	5.0	5.0	5.0
3513.125	156.2310028	6.557	2.836999893	27.12599945	3.421000004	429.4159851000001	5.0	5.0	5.0	5.0	5.0	5.0	5.0	5.0	5.0
3513.25	162.0200043	6.909	2.845000029	29.3390007	3.397000074	381.6040039000001	5.0	5.0	5.0	5.0	5.0	5.0	5.0	5.0	5.0
3513.375	168.5839996	7.337	2.84800005	36.91600037	3.427000046	328.3280029000001	5.0	5.0	5.0	5.0	5.0	5.0	5.0	5.0	5.0
3513.5	173.6900024	7.678	2.842999935	46.6969986	3.522000074	293.1960144	5.0	5.0	5.0	5.0	5.0	5.0	5.0	5.0	5.0
3513.625	176.0440064	7.84	2.83100009	52.48799896	3.674999952	277.49899289999996	5.0	5.0	5.0	5.0	5.0	5.0	5.0	5.0	5.0
3513.75	176.1710053	7.749	2.813999891	51.17699814	3.855000019	267.2349854	5.0	5.0	5.0	5.0	5.0	5.0	5.0	5.0	5.0
3513.875	175.1600037	7.543	2.796000004	47.1969986	4.000999928	250.0500031000001	2.0	2.0	2.0	2.0	2.0	2.0	5.0	2.0	2.0
3514.0	173.845993	7.547	2.782999992	47.17499924	4.059999943	224.02400209999996	2.0	2.0	2.0	2.0	2.0	2.0	5.0	2.0	2.0
3514.125	172.7339935	7.963	2.775000095	51.88999939	4.019999981	197.30999759999995	2.0	2.0	2.0	2.0	2.0	2.0	5.0	2.0	2.0
3514.25	171.9669952	8.602	2.773999929	55.26300049	3.911000013	179.06700130000004	2.0	2.0	2.0	2.0	2.0	2.0	5.0	2.0	2.0
3514.375	170.9069977	9.14	2.778000116	56.22900009	3.775000095	171.3200072999999	5.0	5.0	5.0	5.0	5.0	5.0	5.0	5.0	5.0
3514.5	168.9889984	9.34	2.78399992	56.69300079	3.653000116	172.48899839999999	5.0	5.0	5.0	5.0	5.0	5.0	5.0	5.0	5.0
3514.625	166.7230072	9.149	2.789000034	56.10699844	3.585999966	181.11700440000007	5.0	5.0	5.0	5.0	5.0	5.0	5.0	5.0	5.0
3514.75	164.8320007	8.64	2.789000034	54.01100159	3.595000029	196.44099429999991	5.0	5.0	5.0	5.0	5.0	5.0	5.0	5.0	5.0
3514.875	164.5930023	7.918	2.78399992	50.24599838	3.686000109	218.1690064	5.0	5.0	5.0	5.0	5.0	5.0	5.0	5.0	5.0
3515.0	165.923996	7.103	2.775000095	47.72399902	3.842999935	246.6049957	2.0	2.0	2.0	2.0	2.0	2.0	5.0	2.0	2.0
3515.125	168.0440064	6.303	2.760999918	49.81000137	4.040999889	284.9639892999999	2.0	2.0	2.0	2.0	2.0	2.0	5.0	2.0	2.0
3515.25	170.3990021	5.606	2.743999958	53.54399872	4.251999855	332.64498899999995	2.0	2.0	2.0	2.0	2.0	2.0	5.0	2.0	2.0
3515.375	172.4570007	5.057	2.730000019	54.11700058	4.452000141	383.9259948999999	2.0	2.0	2.0	2.0	2.0	2.0	5.0	2.0	2.0
3515.5	173.8280029	4.652	2.721999884	54.06000137	4.626999855	437.3670043999998	2.0	2.0	2.0	2.0	2.0	2.0	5.0	2.0	2.0
3515.625	174.2769928	4.367	2.720000029	53.93399811	4.761000156	497.60501099999993	2.0	2.0	2.0	2.0	2.0	2.0	2.0	2.0	2.0
3515.75	173.7920075	4.194	2.72300005	51.60800171	4.836999893	559.4639893000001	2.0	2.0	2.0	2.0	2.0	2.0	2.0	2.0	2.0
3515.875	172.3370056	4.027	2.730999947	47.00899887	4.831999779	612.7830200000001	2.0	2.0	2.0	2.0	2.0	2.0	2.0	2.0	2.0
3516.0	169.6620026	3.797	2.740999937	42.88600159	4.737999916	652.5139771000003	2.0	2.0	2.0	2.0	2.0	2.0	2.0	2.0	2.0
3516.125	166.2969971	3.619	2.753000021	39.71300125	4.553999901	652.3880005000003	2.0	2.0	2.0	2.0	2.0	2.0	5.0	2.0	2.0
3516.25	163.1349945	3.608	2.769000053	35.73899841	4.288000107	565.4379882999999	2.0	2.0	2.0	2.0	2.0	2.0	5.0	2.0	2.0
3516.375	161.2030029	3.818	2.789000034	32.24700165	3.996999979	433.88598629999984	2.0	2.0	2.0	2.0	2.0	2.0	5.0	2.0	2.0
3516.5	161.5720062	4.333	2.809000015	33.63700104	3.755000114	305.5580139	5.0	5.0	5.0	5.0	5.0	5.0	5.0	5.0	5.0
3516.625	165.6589966	5.225	2.823999882	41.99900055	3.618999958	207.2519988999999	5.0	5.0	5.0	5.0	5.0	5.0	5.0	5.0	5.0
3516.75	173.598999	6.469	2.828000069	53.4640007	3.575000048	146.66600039999994	5.0	5.0	5.0	5.0	5.0	5.0	5.0	5.0	5.0
3516.875	182.378006	7.887	2.819000006	66.65899658	3.562000036	120.28299709999999	5.0	5.0	5.0	5.0	5.0	5.0	5.0	5.0	5.0
3517.0	187.3560028	9.08	2.799000025	78.47200012	3.526000023	120.65899660000005	5.0	5.0	5.0	5.0	5.0	5.0	5.0	5.0	5.0
3517.125	186.4160004	9.681	2.782000065	81.31800079	3.467000008	141.86300659999998	5.0	5.0	5.0	5.0	5.0	5.0	5.0	5.0	5.0
3517.25	180.2079926	9.416	2.778000116	71.48600006	3.421999931	187.20300290000006	5.0	5.0	5.0	5.0	5.0	5.0	5.0	5.0	5.0
3517.375	171.2949982	8.306	2.785000086	51.53499985	3.417000055	258.36999510000004	5.0	5.0	5.0	5.0	5.0	5.0	5.0	5.0	5.0
3517.5	162.6779938	6.876	2.796000004	33.51100159	3.430999994	333.58599849999996	5.0	5.0	5.0	5.0	5.0	5.0	5.0	5.0	5.0
3517.625	157.0769959	5.704	2.805000067	24.36000061	3.424999952	387.302002	4.0	4.0	4.0	4.0	4.0	4.0	4.0	4.0	4.0
3517.75	154.8890076	4.951	2.812999964	21.28000069	3.388000011	422.9450073000001	4.0	4.0	4.0	4.0	4.0	4.0	4.0	4.0	4.0
3517.875	154.4210053	4.539	2.818000078	19.01600075	3.345000029	448.8959960999999	4.0	4.0	4.0	4.0	4.0	4.0	4.0	4.0	4.0
3518.0	154.8209992	4.416	2.822000027	16.71999931	3.33100009	455.3869933999998	4.0	4.0	4.0	4.0	4.0	4.0	4.0	4.0	4.0
3518.125	155.7140045	4.498	2.823999882	16.85199928	3.35800004	434.3410034000001	4.0	4.0	4.0	4.0	4.0	4.0	4.0	4.0	4.0
3518.25	156.7570038	4.687	2.828000069	19.12100029	3.40899992	383.9830016999999	4.0	4.0	4.0	4.0	4.0	4.0	4.0	4.0	4.0
3518.375	157.8569946	5.007	2.829999924	22.11300087	3.457999945	312.97399900000016	4.0	4.0	4.0	4.0	4.0	4.0	4.0	4.0	4.0
3518.5	160.3009949	5.523	2.828000069	27.31200028	3.49000001	247.12600710000004	5.0	5.0	5.0	5.0	5.0	5.0	5.0	5.0	5.0
3518.625	164.0789948	6.21	2.819999933	36.78900147	3.500999928	204.26300050000006	5.0	5.0	5.0	5.0	5.0	5.0	5.0	5.0	5.0
3518.75	167.4250031	6.963	2.809000015	49.06100082	3.502000094	188.53500369999995	5.0	5.0	5.0	5.0	5.0	5.0	5.0	5.0	5.0
3518.875	168.7610016	7.44	2.802000046	56.77099991	3.515000105	194.5610045999999	5.0	5.0	5.0	5.0	5.0	5.0	5.0	5.0	5.0
3519.0	167.625	7.084	2.799000025	52.50500107	3.562999964	216.88800049999995	5.0	5.0	5.0	5.0	5.0	5.0	5.0	5.0	5.0
3519.125	164.923996	6.13	2.796999931	39.94900131	3.654999971	245.9920044000001	5.0	5.0	5.0	5.0	5.0	5.0	5.0	5.0	5.0
3519.25	162.6690064	5.349	2.790999889	30.11300087	3.76699996	254.22399900000002	5.0	5.0	5.0	5.0	5.0	5.0	5.0	5.0	5.0
3519.375	163.0500031	5.17	2.778000116	29.79299927	3.85800004	217.0720062000001	2.0	2.0	2.0	2.0	2.0	2.0	5.0	2.0	2.0
3519.5	165.5319977	5.7	2.759999991	35.1590004	3.895999908	162.54800419999998	2.0	2.0	2.0	2.0	2.0	2.0	5.0	2.0	2.0
3519.625	168.0919952	6.698	2.737999916	37.15100098	3.865999937	118.41899870000006	2.0	2.0	2.0	2.0	2.0	2.0	5.0	2.0	2.0
3519.75	169.4830017	7.502	2.713000059	31.66300011	3.757999897	91.45700073	2.0	2.0	2.0	2.0	2.0	2.0	5.0	2.0	2.0
3519.875	169.9839935	7.814	2.691999912	22.74099922	3.60800004	80.74099731	1.0	1.0	1.0	1.0	1.0	1.0	4.0	1.0	1.0
3520.0	170.6349945	7.78	2.684000015	16.77700043	3.476999998	84.88700103999999	1.0	1.0	1.0	1.0	1.0	1.0	4.0	1.0	1.0
3520.125	171.1269989	7.397	2.694000006	15.61600018	3.420000076	105.09300229999995	1.0	1.0	1.0	1.0	1.0	1.0	4.0	1.0	1.0
3520.25	170.6470032	6.841	2.71600008	16.14100075	3.443000078	140.50300600000006	1.0	1.0	1.0	1.0	1.0	1.0	4.0	1.0	1.0
3520.375	168.9309998	6.45	2.737999916	17.76000023	3.519999981	184.90600590000005	1.0	1.0	1.0	1.0	1.0	1.0	4.0	1.0	1.0
3520.5	166.3300018	6.329	2.75699997	21.40500069	3.617000103	232.02499390000006	4.0	1.0	4.0	1.0	4.0	4.0	4.0	4.0	4.0
3520.625	164.3609924	6.394	2.769999981	30.10199928	3.707999945	277.0719909999999	5.0	2.0	5.0	2.0	5.0	5.0	5.0	5.0	5.0
3520.75	164.6430054	6.532	2.77699995	42.81700134	3.799000025	307.99099729999995	5.0	2.0	2.0	2.0	2.0	2.0	5.0	2.0	2.0
3520.875	166.7230072	6.56	2.773999929	54.1609993	3.944000006	319.24700930000006	2.0	2.0	2.0	2.0	2.0	2.0	5.0	2.0	2.0
3521.0	169.576004	6.338	2.762000084	60.11199951	4.175000191	321.32101439999997	2.0	2.0	2.0	2.0	2.0	2.0	5.0	2.0	2.0
3521.125	172.3320007	5.84	2.746999979	60.86299896	4.458000183	329.0310058999999	2.0	2.0	2.0	2.0	2.0	2.0	5.0	2.0	2.0
3521.25	173.4759979	5.193	2.73300004	60.38999939	4.704999924	374.2569884999998	2.0	2.0	2.0	2.0	2.0	2.0	2.0	2.0	2.0
3521.375	172.4669952	4.505	2.72300005	59.88000107	4.850999832	663.6350098000003	2.0	2.0	2.0	2.0	2.0	2.0	2.0	2.0	2.0
3521.5	170.1820068	3.762	2.717000008	56.82699966	4.894000053	1383.6949459999994	2.0	2.0	2.0	2.0	2.0	2.0	2.0	2.0	2.0
3521.625	167.0350037	2.975	2.711999893	46.66799927	4.890999794	2745.788086	2.0	2.0	2.0	2.0	2.0	2.0	2.0	2.0	2.0
3521.75	163.5599976	2.233	2.709000111	31.52700043	4.901000023	5283.534179999998	2.0	2.0	2.0	2.0	2.0	2.0	2.0	2.0	2.0
3521.875	160.9669952	1.661	2.70600009	20.07399941	4.945000172	8182.253906000001	0.0	0.0	0.0	0.0	0.0	0.0	0.0	0.0	0.0
3522.0	159.3739929	1.289	2.704999924	15.76099968	5.0	8960.828125	0.0	0.0	0.0	0.0	0.0	0.0	0.0	0.0	0.0
3522.125	158.529007	1.084	2.70600009	15.06000042	5.040999889	8818.146483999997	0.0	0.0	0.0	0.0	0.0	0.0	0.0	0.0	0.0
3522.25	158.2440033	1.014	2.710000038	14.1420002	5.056000233	8688.698242000004	0.0	0.0	0.0	0.0	0.0	0.0	0.0	0.0	0.0
3522.375	158.151001	1.019	2.713000059	12.56799984	5.048999786	8365.964844	0.0	0.0	0.0	0.0	0.0	0.0	0.0	0.0	0.0
3522.5	158.1089935	1.049	2.713999987	12.02299976	5.032999992	7904.020020000001	0.0	0.0	0.0	0.0	0.0	0.0	0.0	0.0	0.0
3522.625	158.2819977	1.094	2.713000059	13.58100033	5.013000011	7020.148925999997	0.0	0.0	0.0	0.0	0.0	0.0	0.0	0.0	0.0
3522.75	158.6490021	1.179	2.710000038	16.9090004	4.992000103	5410.665039000001	0.0	0.0	0.0	0.0	0.0	0.0	0.0	0.0	0.0
3522.875	159.0720062	1.346	2.707000017	21.02300072	4.97300005	3787.8310550000015	0.0	0.0	0.0	0.0	0.0	0.0	0.0	0.0	0.0
3523.0	159.6750031	1.662	2.704999924	24.75	4.953000069	2603.4829099999993	0.0	0.0	0.0	0.0	0.0	0.0	0.0	0.0	0.0
3523.125	161.0599976	2.194	2.703999996	28.9810009	4.921000004	1683.3480229999993	2.0	2.0	2.0	2.0	2.0	2.0	2.0	2.0	2.0
3523.25	163.5429993	2.957	2.703999996	35.29000092	4.846000195	984.2189941000004	2.0	2.0	2.0	2.0	2.0	2.0	2.0	2.0	2.0
3523.375	166.2799988	3.866	2.703999996	44.69400024	4.68200016	597.9450073000003	2.0	2.0	2.0	2.0	2.0	2.0	2.0	2.0	2.0
3523.5	169.0220032	4.79	2.707000017	53.18600082	4.414999962	434.6979981	2.0	2.0	2.0	2.0	2.0	2.0	5.0	2.0	2.0
3523.625	171.0899963	5.425	2.713999987	52.8769989	4.103000164	412.19198609999984	2.0	2.0	2.0	2.0	2.0	2.0	5.0	2.0	2.0
3523.75	171.0269928	5.476	2.724999905	43.23500061	3.86500001	536.5269775	2.0	2.0	2.0	2.0	2.0	2.0	5.0	2.0	2.0
3523.875	168.3419952	5.0	2.737999916	33.66500092	3.786999941	956.6060181	2.0	2.0	2.0	2.0	2.0	2.0	5.0	2.0	2.0
3524.0	165.5350037	4.202	2.746999979	30.81299973	3.901000023	2441.073974999999	2.0	2.0	2.0	2.0	2.0	2.0	5.0	2.0	2.0
3524.125	164.0769959	3.295	2.747999907	31.53199959	4.15199995	5216.711913999999	2.0	2.0	2.0	2.0	2.0	2.0	5.0	2.0	2.0
3524.25	163.3999939	2.432	2.740999937	30.43700028	4.453999996	10327.441409999996	2.0	2.0	2.0	2.0	2.0	2.0	5.0	2.0	2.0
3524.375	162.7559967	1.738	2.730000019	25.375	4.729000092	19397.093749999993	2.0	2.0	2.0	2.0	2.0	2.0	2.0	2.0	2.0
3524.5	161.9380035	1.262	2.719000101	20.69199944	4.933000088	26286.562500000025	0.0	0.0	0.0	0.0	0.0	0.0	0.0	0.0	0.0
3524.625	161.076004	0.986	2.714999914	19.44199944	5.054999828	28783.265630000013	0.0	0.0	0.0	0.0	0.0	0.0	0.0	0.0	0.0
3524.75	160.3930054	0.845	2.717000008	20.81299973	5.113999844	27958.40234000001	0.0	0.0	0.0	0.0	0.0	0.0	0.0	0.0	0.0
3524.875	160.0709992	0.773	2.720000029	21.90600014	5.144999981	22481.654299999987	0.0	0.0	0.0	0.0	0.0	0.0	0.0	0.0	0.0
3525.0	160.052002	0.755	2.720000029	21.62199974	5.177999973	19147.558589999982	0.0	0.0	0.0	0.0	0.0	0.0	0.0	0.0	0.0
3525.125	160.1549988	0.779	2.719000101	19.58699989	5.211999893	20207.710940000004	0.0	0.0	0.0	0.0	0.0	0.0	0.0	0.0	0.0
3525.25	160.1519928	0.811	2.71600008	17.47900009	5.236999989	20512.33203000001	0.0	0.0	0.0	0.0	0.0	0.0	0.0	0.0	0.0
3525.375	160.0570068	0.824	2.713999987	16.88299942	5.244999886	18666.06055000001	0.0	0.0	0.0	0.0	0.0	0.0	0.0	0.0	0.0
3525.5	159.9839935	0.825	2.713999987	16.93099976	5.237999916	18381.74023000001	0.0	0.0	0.0	0.0	0.0	0.0	0.0	0.0	0.0
3525.625	159.9120026	0.806	2.713999987	16.87199974	5.221000195	19891.996089999982	0.0	0.0	0.0	0.0	0.0	0.0	0.0	0.0	0.0
3525.75	159.7290039	0.77	2.713000059	16.42300034	5.202000141	21696.07227000002	0.0	0.0	0.0	0.0	0.0	0.0	0.0	0.0	0.0
3525.875	159.595993	0.742	2.710999966	16.75900078	5.188000202	24230.900390000003	0.0	0.0	0.0	0.0	0.0	0.0	0.0	0.0	0.0
3526.0	159.7079926	0.719	2.709000111	18.13800049	5.184999943	29794.80078	0.0	0.0	0.0	0.0	0.0	0.0	0.0	0.0	0.0
3526.125	159.779007	0.701	2.707000017	18.75900078	5.188000202	34447.59766000002	0.0	0.0	0.0	0.0	0.0	0.0	0.0	0.0	0.0
3526.25	159.7640076	0.673	2.703000069	17.94599915	5.178999901	35735.847660000036	0.0	0.0	0.0	0.0	0.0	0.0	0.0	0.0	0.0
3526.375	159.8540039	0.62	2.698999882	17.70299912	5.149000168	34563.70313000001	0.0	0.0	0.0	0.0	0.0	0.0	0.0	0.0	0.0
3526.5	160.0659943	0.591	2.697000027	19.27499962	5.105000019	33246.33984000002	0.0	0.0	0.0	0.0	0.0	0.0	0.0	0.0	0.0
3526.625	160.2610016	0.597	2.697000027	20.03700066	5.065000057	29769.457030000012	0.0	0.0	0.0	0.0	0.0	0.0	0.0	0.0	0.0
3526.75	160.4279938	0.605	2.697000027	18.4659996	5.043000221	28413.20313	0.0	0.0	0.0	0.0	0.0	0.0	0.0	0.0	0.0
3526.875	160.5919952	0.617	2.697999954	16.36899948	5.028999806	27175.81249999998	0.0	0.0	0.0	0.0	0.0	0.0	0.0	0.0	0.0
3527.0	160.7579956	0.65	2.697000027	15.9289999	5.013999939	25181.45117000002	0.0	0.0	0.0	0.0	0.0	0.0	0.0	0.0	0.0
3527.125	160.7949982	0.701	2.697000027	16.95499992	4.998000145	25446.443359999994	0.0	0.0	0.0	0.0	0.0	0.0	0.0	0.0	0.0
3527.25	160.8090057	0.741	2.696000099	17.50699997	4.998000145	26260.398439999994	0.0	0.0	0.0	0.0	0.0	0.0	0.0	0.0	0.0
3527.375	160.8029938	0.752	2.694999933	17.5189991	5.021999836	24907.892579999985	0.0	0.0	0.0	0.0	0.0	0.0	0.0	0.0	0.0
3527.5	160.7480011	0.746	2.691999912	17.99200058	5.06099987	23913.013670000004	0.0	0.0	0.0	0.0	0.0	0.0	0.0	0.0	0.0
3527.625	160.7640076	0.736	2.690999985	18.66200066	5.083000183	25224.18750000002	0.0	0.0	0.0	0.0	0.0	0.0	0.0	0.0	0.0
3527.75	160.8390045	0.717	2.691999912	18.7329998	5.066999912	27011.748050000013	0.0	0.0	0.0	0.0	0.0	0.0	0.0	0.0	0.0
3527.875	160.8399963	0.7	2.696000099	18.06699944	5.028999806	29996.53320000001	0.0	0.0	0.0	0.0	0.0	0.0	0.0	0.0	0.0
3528.0	160.7850037	0.691	2.700000048	17.38899994	5.007999897	33570.132809999996	0.0	0.0	0.0	0.0	0.0	0.0	0.0	0.0	0.0
3528.125	160.6580048	0.68	2.701999903	17.91399956	5.021999836	35946.738280000005	0.0	0.0	0.0	0.0	0.0	0.0	0.0	0.0	0.0
3528.25	160.5480042	0.686	2.701999903	20.86000061	5.052000046	36264.27344000001	0.0	0.0	0.0	0.0	0.0	0.0	0.0	0.0	0.0
3528.375	160.5570068	0.698	2.703000069	23.54400063	5.066999912	33907.87109000001	0.0	0.0	0.0	0.0	0.0	0.0	0.0	0.0	0.0
3528.5	160.5169983	0.699	2.704999924	23.02499962	5.054999828	28069.37695000001	0.0	0.0	0.0	0.0	0.0	0.0	0.0	0.0	0.0
3528.625	160.4450073	0.701	2.710000038	20.99399948	5.032999992	21990.175779999983	0.0	0.0	0.0	0.0	0.0	0.0	0.0	0.0	0.0
3528.75	160.352005	0.708	2.713999987	21.4260006	5.024000168	18848.580080000014	0.0	0.0	0.0	0.0	0.0	0.0	0.0	0.0	0.0
3528.875	160.1710053	0.703	2.71600008	24.4260006	5.031000137	18635.597659999996	0.0	0.0	0.0	0.0	0.0	0.0	0.0	0.0	0.0
3529.0	159.9579926	0.675	2.713999987	25.20000076	5.040999889	21306.058589999986	0.0	0.0	2.0	0.0	2.0	2.0	2.0	2.0	2.0
3529.125	159.720993	0.62	2.710999966	23.25399971	5.050000191	27078.681640000003	0.0	0.0	0.0	0.0	0.0	0.0	0.0	0.0	0.0
3529.25	159.2929993	0.536	2.70600009	21.87100029	5.06400013	32757.328130000013	0.0	0.0	0.0	0.0	0.0	0.0	0.0	0.0	0.0
3529.375	158.8470001	0.441	2.700999975	22.47900009	5.085999966	35155.07813000002	0.0	0.0	0.0	0.0	0.0	0.0	0.0	0.0	0.0
3529.5	159.0809937	0.361	2.697000027	23.04899979	5.113999844	34005.906250000015	0.0	0.0	0.0	0.0	0.0	0.0	0.0	0.0	0.0
3529.625	159.6920013	0.332	2.696000099	23.08699989	5.135000229	28400.218750000025	0.0	0.0	0.0	0.0	0.0	0.0	0.0	0.0	0.0
3529.75	160.2920075	0.376	2.697999954	21.88800049	5.130000114	20474.341799999987	0.0	0.0	0.0	0.0	0.0	0.0	0.0	0.0	0.0
3529.875	160.7640076	0.472	2.703000069	20.26000023	5.090000153	13786.98731	0.0	0.0	0.0	0.0	0.0	0.0	0.0	0.0	0.0
3530.0	160.9450073	0.585	2.707000017	21.12199974	5.025000095	9035.680663999996	0.0	0.0	0.0	0.0	0.0	0.0	0.0	0.0	0.0
3530.125	161.6790009	0.708	2.707000017	23.10499954	4.962999821	5341.229004	0.0	0.0	0.0	0.0	0.0	0.0	0.0	0.0	0.0
3530.25	163.4989929	0.814	2.703999996	24.20299912	4.940999985	2985.465088000001	0.0	0.0	0.0	0.0	0.0	0.0	0.0	0.0	0.0
3530.375	165.4450073	0.87	2.697999954	25.21699905	4.974999905	1972.343018	2.0	0.0	2.0	0.0	2.0	2.0	2.0	2.0	2.0
3530.5	166.7350006	0.897	2.694000006	27.37599945	5.050000191	2228.388916000001	2.0	2.0	2.0	0.0	2.0	2.0	2.0	2.0	2.0
3530.625	166.7870026	0.91	2.691999912	30.27799988	5.124000073	3919.4929199999992	2.0	2.0	2.0	0.0	2.0	2.0	2.0	2.0	2.0
3530.75	165.2489929	0.83	2.693000078	29.79800034	5.153999806	7964.379883000002	2.0	2.0	2.0	0.0	2.0	2.0	2.0	2.0	2.0
3530.875	163.0189972	0.654	2.697000027	24.94599915	5.130000114	15934.049810000006	0.0	0.0	0.0	0.0	0.0	0.0	0.0	0.0	0.0
3531.0	161.1600037	0.466	2.703000069	20.23399925	5.076000214	26590.775389999995	0.0	0.0	0.0	0.0	0.0	0.0	0.0	0.0	0.0
3531.125	159.9909973	0.328	2.709000111	19.12800026	5.03000021	34054.77734	0.0	0.0	0.0	0.0	0.0	0.0	0.0	0.0	0.0
3531.25	159.4470062	0.263	2.713999987	20.03300095	5.013000011	37845.203129999994	0.0	0.0	0.0	0.0	0.0	0.0	0.0	0.0	0.0
3531.375	159.1349945	0.264	2.720000029	20.37599945	5.019999981	39542.83202999999	0.0	0.0	0.0	0.0	0.0	0.0	0.0	0.0	0.0
3531.5	158.7149963	0.287	2.726000071	19.86000061	5.041999817	39777.88280999999	0.0	0.0	0.0	0.0	0.0	0.0	0.0	0.0	0.0
3531.625	158.375	0.29	2.727999926	18.02899933	5.068999767	39533.03125	0.0	0.0	0.0	0.0	0.0	0.0	0.0	0.0	0.0
3531.75	158.1799927	0.275	2.726000071	16.60099983	5.090000153	39001.82813000004	0.0	0.0	0.0	0.0	0.0	0.0	0.0	0.0	0.0
3531.875	157.9779968	0.262	2.720000029	16.66900063	5.100999832	37875.12109000001	0.0	0.0	0.0	0.0	0.0	0.0	0.0	0.0	0.0
3532.0	157.7859955	0.263	2.713000059	16.62400055	5.103000164	37064.16797000004	0.0	0.0	0.0	0.0	0.0	0.0	0.0	0.0	0.0
3532.125	157.602005	0.278	2.707000017	15.77499962	5.096000195	37759.05858999997	0.0	0.0	0.0	0.0	0.0	0.0	0.0	0.0	0.0
3532.25	157.3289948	0.298	2.704999924	14.70100021	5.072000027	37897.16015999999	0.0	0.0	0.0	0.0	0.0	0.0	0.0	0.0	0.0
3532.375	157.0119934	0.357	2.704999924	14.52000046	5.022999764	36408.36327999998	0.0	0.0	0.0	0.0	0.0	0.0	0.0	0.0	0.0
3532.5	156.8630066	0.472	2.704999924	14.94699955	4.946000099	33055.29687999997	0.0	0.0	0.0	0.0	0.0	0.0	0.0	0.0	0.0
3532.625	156.779007	0.612	2.707000017	15.03899956	4.840000153	28095.70313000003	0.0	0.0	0.0	0.0	0.0	0.0	0.0	0.0	0.0
3532.75	156.654007	0.774	2.711999893	15.21100044	4.706999779	21374.43163999998	0.0	0.0	1.0	0.0	1.0	1.0	1.0	0.0	1.0
3532.875	156.4320068	0.97	2.720999956	16.00600052	4.554999828	15565.443360000001	1.0	1.0	1.0	1.0	1.0	1.0	4.0	1.0	1.0
3533.0	156.2319946	1.184	2.730999947	16.34799957	4.40500021	12188.950199999997	1.0	1.0	1.0	1.0	1.0	1.0	4.0	1.0	1.0
3533.125	156.2039948	1.399	2.739000082	16.15200043	4.281000137	11339.301760000006	1.0	1.0	1.0	1.0	1.0	1.0	4.0	1.0	1.0
3533.25	156.3470001	1.594	2.743000031	16.31500053	4.190999985	12477.705080000005	1.0	1.0	1.0	1.0	1.0	1.0	4.0	1.0	1.0
3533.375	156.6179962	1.736	2.742000103	16.49200058	4.127999783	15295.04981	1.0	1.0	1.0	1.0	1.0	1.0	4.0	1.0	1.0
3533.5	156.7769928	1.825	2.742000103	16.81800079	4.089000225	18245.16015999999	1.0	1.0	1.0	1.0	1.0	1.0	4.0	1.0	1.0
3533.625	156.7570038	1.862	2.744999886	17.29199982	4.068999767	18781.537109999987	1.0	1.0	1.0	1.0	1.0	1.0	4.0	1.0	1.0
3533.75	156.6049957	1.842	2.749000073	18.07099915	4.06799984	17294.101559999985	1.0	1.0	1.0	1.0	1.0	1.0	4.0	1.0	1.0
3533.875	156.4329987	1.763	2.752000094	20.05400085	4.093999863	14619.980469999991	1.0	1.0	1.0	1.0	1.0	1.0	4.0	1.0	1.0
3534.0	156.2359924	1.646	2.750999928	22.02899933	4.157000065	12961.33397999999	1.0	1.0	1.0	1.0	1.0	1.0	4.0	1.0	1.0
3534.125	156.0820007	1.527	2.746999979	21.71999931	4.250999928	13714.151370000003	1.0	1.0	1.0	1.0	1.0	1.0	4.0	1.0	1.0
3534.25	155.9420013	1.444	2.743999958	19.87100029	4.335000038	17697.86523000001	1.0	1.0	1.0	1.0	1.0	1.0	4.0	1.0	1.0
3534.375	155.845993	1.386	2.740999937	18.47800064	4.368999958	20494.99219000002	1.0	1.0	1.0	1.0	1.0	1.0	4.0	1.0	1.0
3534.5	155.8099976	1.332	2.739000082	17.96699905	4.348999977	19517.894530000005	1.0	1.0	1.0	1.0	1.0	1.0	4.0	1.0	1.0
3534.625	155.779007	1.308	2.739000082	18.16200066	4.302999973	18331.85938000002	1.0	1.0	1.0	1.0	1.0	1.0	4.0	1.0	1.0
3534.75	155.7290039	1.301	2.742000103	18.15200043	4.260000229	19433.572269999997	1.0	1.0	1.0	1.0	1.0	1.0	4.0	1.0	1.0
3534.875	155.7109985	1.285	2.744999886	16.86000061	4.230999947	23032.185550000002	1.0	1.0	1.0	1.0	1.0	1.0	4.0	1.0	1.0
3535.0	155.7420044	1.275	2.746000052	14.95400047	4.228000164	27843.9082	1.0	1.0	1.0	1.0	1.0	1.0	4.0	1.0	1.0
3535.125	155.8990021	1.227	2.744999886	13.52099991	4.267000198	31545.96094000003	1.0	1.0	1.0	1.0	1.0	1.0	4.0	1.0	1.0
3535.25	156.1719971	1.088	2.740999937	13.31400013	4.375	34102.64843999999	1.0	1.0	1.0	1.0	1.0	1.0	4.0	1.0	1.0
3535.375	156.4900055	0.903	2.733999968	13.97999954	4.548999786	33840.941409999985	1.0	1.0	1.0	1.0	1.0	1.0	4.0	1.0	1.0
3535.5	156.8919983	0.712	2.724999905	14.37699986	4.743999958	29723.337890000028	0.0	0.0	1.0	0.0	1.0	1.0	1.0	1.0	1.0
3535.625	157.2259979	0.517	2.717999935	15.39700031	4.896999836	23185.662109999987	0.0	0.0	0.0	0.0	0.0	0.0	0.0	0.0	0.0
3535.75	157.3670044	0.347	2.713999987	17.31800079	4.986000061	18570.26171999999	0.0	0.0	0.0	0.0	0.0	0.0	0.0	0.0	0.0
3535.875	157.4579926	0.228	2.713999987	18.28199959	5.03000021	18778.558589999982	0.0	0.0	0.0	0.0	0.0	0.0	0.0	0.0	0.0
3536.0	157.4810028	0.146	2.71600008	17.40600014	5.046000004	25370.490230000014	0.0	0.0	0.0	0.0	0.0	0.0	0.0	0.0	0.0
3536.125	157.451004	0.086	2.719000101	15.56099987	5.040999889	32546.080080000032	0.0	0.0	0.0	0.0	0.0	0.0	0.0	0.0	0.0
3536.25	157.2429962	0.05	2.720999956	13.53600025	5.026000023	36786.890629999994	0.0	0.0	0.0	0.0	0.0	0.0	0.0	0.0	0.0
3536.375	156.8789978	0.034	2.720000029	11.17399979	5.017000198	38840.35155999998	0.0	0.0	0.0	0.0	0.0	0.0	0.0	0.0	0.0
3536.5	156.5619965	0.042	2.717000008	9.81000042	5.019000053	39798.62109000001	0.0	0.0	0.0	0.0	0.0	0.0	0.0	0.0	0.0
3536.625	156.3309937	0.075	2.71600008	10.04300022	5.022999764	40000.00000000001	0.0	0.0	0.0	0.0	0.0	0.0	0.0	0.0	0.0
3536.75	156.1419983	0.11	2.71600008	10.72799969	5.019999981	40000.00000000001	0.0	0.0	0.0	0.0	0.0	0.0	0.0	0.0	0.0
3536.875	156.0350037	0.134	2.719000101	11.30799961	5.017000198	40000.00000000001	0.0	0.0	0.0	0.0	0.0	0.0	0.0	0.0	0.0
3537.0	156.0099945	0.162	2.723999977	12.1239996	5.028999806	40000.00000000001	0.0	0.0	0.0	0.0	0.0	0.0	0.0	0.0	0.0
3537.125	155.9869995	0.187	2.729000092	13.24800015	5.05700016	40000.00000000001	0.0	0.0	0.0	0.0	0.0	0.0	0.0	0.0	0.0
3537.25	155.9629974	0.202	2.733999968	14.16499996	5.087999821	40000.00000000001	0.0	0.0	0.0	0.0	0.0	0.0	0.0	0.0	0.0
3537.375	155.9799957	0.225	2.737999916	14.85099983	5.111000061	40000.00000000001	0.0	0.0	0.0	0.0	0.0	0.0	0.0	0.0	0.0
3537.5	156.0279999	0.251	2.74000001	16.07099915	5.126999855	40000.00000000001	0.0	0.0	0.0	0.0	0.0	0.0	0.0	0.0	0.0
3537.625	156.0449982	0.266	2.742000103	16.80599976	5.138999939	39914.22656000004	0.0	0.0	0.0	0.0	0.0	0.0	0.0	0.0	0.0
3537.75	156.1170044	0.265	2.744999886	15.24300003	5.145999908	39086.464839999986	0.0	0.0	0.0	0.0	0.0	0.0	0.0	0.0	0.0
3537.875	156.3959961	0.255	2.744999886	13.93500042	5.142000198	36962.05077999999	0.0	0.0	0.0	0.0	0.0	0.0	0.0	0.0	0.0
3538.0	156.7960053	0.258	2.743000031	14.44400024	5.111999989	32483.51758000001	0.0	0.0	0.0	0.0	0.0	0.0	0.0	0.0	0.0
3538.125	157.0650024	0.303	2.739000082	15.25199986	5.038000107	24456.972659999974	0.0	0.0	0.0	0.0	0.0	0.0	0.0	0.0	0.0
3538.25	157.151001	0.398	2.73300004	14.79500008	4.929999828	16860.902339999982	0.0	0.0	0.0	0.0	0.0	0.0	0.0	0.0	0.0
3538.375	157.1589966	0.516	2.727999926	13.80700016	4.829999924	13634.30273000001	0.0	0.0	0.0	0.0	0.0	0.0	0.0	0.0	0.0
3538.5	157.1829987	0.639	2.723999977	14.50500011	4.782999992	16647.894529999994	0.0	0.0	0.0	0.0	0.0	0.0	0.0	0.0	0.0
3538.625	157.2619934	0.76	2.721999884	16.20000076	4.793000221	25536.12305000002	0.0	0.0	0.0	0.0	0.0	0.0	0.0	0.0	0.0
3538.75	157.4429932	0.883	2.720999956	17.16600037	4.828999996	33081.57030999998	0.0	0.0	0.0	0.0	0.0	0.0	0.0	0.0	0.0
3538.875	157.7960053	1.028	2.720000029	17.40699959	4.857999802	36519.09374999997	0.0	0.0	0.0	0.0	0.0	0.0	0.0	0.0	0.0
3539.0	158.1889954	1.179	2.720999956	16.94799995	4.88199997	37364.769529999976	0.0	0.0	0.0	0.0	0.0	0.0	0.0	0.0	0.0
3539.125	158.4219971	1.294	2.721999884	16.70999908	4.927000046	36063.234379999965	0.0	0.0	0.0	0.0	0.0	0.0	0.0	0.0	0.0
3539.25	158.5890045	1.357	2.721999884	17.96800041	5.000999928	32249.107420000015	0.0	0.0	0.0	0.0	0.0	0.0	0.0	0.0	0.0
3539.375	158.8480072	1.383	2.717999935	19.44099999	5.086999893	30277.19140999999	0.0	0.0	0.0	0.0	0.0	0.0	0.0	0.0	0.0
3539.5	159.1499939	1.417	2.711999893	18.75699997	5.159999847	33731.546879999994	0.0	0.0	0.0	0.0	0.0	0.0	0.0	0.0	0.0
3539.625	159.3650055	1.469	2.707000017	17.20400047	5.209000111	37018.56640999997	0.0	0.0	0.0	0.0	0.0	0.0	0.0	0.0	0.0
3539.75	159.5090027	1.511	2.703999996	16.97999954	5.230000019	38608.00781000001	0.0	0.0	0.0	0.0	0.0	0.0	0.0	0.0	0.0
3539.875	159.5690002	1.556	2.70600009	18.3390007	5.227000237	39595.30078000002	0.0	0.0	0.0	0.0	0.0	0.0	0.0	0.0	0.0
